a11y_paragraphs_tabs.xml,0
abbrfilter.xml,0
abjs.xml,0
abookings.xml,0
absolute_url.xml,0
abstractpermissions.xml,0
abtestui.xml,0
abuseipdb.xml,0
academic_applications.xml,0
acb.xml,0
access_arguments_list.xml,0
access_by_entity.xml,0
access_by_ref.xml,0
access_conditions_commerce.xml,0
access_conditions_field_group.xml,0
access_conditions.xml,0
access_filter.xml,0
accessibility_scanner.xml,0
accessibility_tool.xml,0
accessibility.xml,0
accessible_media_embed.xml,0
accessiblizer.xml,0
access_unpublished.xml,0
accordion_blocks.xml,0
accordion_menus.xml,0
account_field_split.xml,0
accountkit.xml,0
account_modal.xml,0
account_name.xml,0
account_settings_tab.xml,0
ace_editor.xml,0
achievements.xml,0
acl.xml,0
acobot.xml,0
acquia_analytics_redirects.xml,0
acquia_cloud_dashboard.xml,0
acquia_commercemanager.xml,0
acquia_connector.xml,0
acquia_contenthub.xml,0
acquiadam_asset_import.xml,0
acquia_environment_config.xml,0
acquia_flush_varnish.xml,0
acquia_geoip_vary_by_country.xml,0
acquia_lift.xml,0
acquia_purge.xml,0
acquia_search_multi_subs.xml,0
acsf_site_backups.xml,0
acsf.xml,0
active_cache.xml,0
active_facet_pills.xml,0
activity_emails.xml,0
activitytracking.xml,0
activity.xml,0
adback_solution_to_adblock.xml,0
ad_choices_link.xml,0
adcoin_payments.xml,0
addanother.xml,0
add_more_alternate.xml,0
address_algolia.xml,0
address_autocomplete_gmaps.xml,0
address_checkout.xml,0
address_cn.xml,0
address_dawa.xml,0
address_display.xml,0
addressfield_cr.xml,0
address_formatter.xml,0
address_id.xml,0
address_map_link.xml,0
address_phonenumber.xml,0
address_usps.xml,0
address.xml,0
addthis.xml,0
addtoany.xml,0
addtocalendar.xml,0
addtocal.xml,0
addtocopy.xml,0
add_to_head.xml,0
addtohomescreen.xml,0
ad_entity_smart.xml,0
ad_entity_vi.xml,0
ad_entity.xml,0
adhan.xml,0
adimo.xml,0
admin_content_notification.xml,0
admincss.xml,0
admin_denied.xml,0
admin_feedback.xml,0
admin_icons.xml,0
adminic_toolbar.xml,0
adminimal_admin_toolbar.xml,0
administerusersbyrole.xml,0
administration_language_negotiation.xml,0
admin_language_negotiation.xml,0
admin_links_access_filter.xml,0
admin_login_path.xml,0
admin_menu_exclude.xml,0
admin_menu_search.xml,0
admin_menu.xml,0
admin_notes.xml,0
admin_readability.xml,0
adminrss.xml,0
admin_settings_api.xml,0
admin_status.xml,0
admin_theme.xml,0
admin_toolbar_content_languages.xml,0
admin_toolbar_mediteran.xml,0
admin_toolbar_search.xml,0
admin_toolbar_toggle.xml,0
admin_toolbar.xml,0
admin_user_language.xml,0
admin_ux.xml,0
admonition.xml,0
adobe_analytics.xml,0
adobe_dtm.xml,0
ads_system.xml,0
adstxt.xml,0
adtechmedia.xml,0
adtego_siteintel.xml,0
advagg.xml,5
advance_clock.xml,0
advance_currency_converter.xml,0
advanced_cors.xml,0
advanced_email_formatter.xml,0
advanced_forum.xml,0
advanced_help.xml,0
advanced_number_format.xml,0
advanced_pwa.xml,0
advancedqueue.xml,0
advanced_scheduler.xml,0
advanced_select.xml,0
advanced_shortcodes.xml,0
advanced_text_formatter.xml,0
advanced_user_registration_and_management.xml,0
adv_animate_on_scroll.xml,0
adva.xml,0
advban.xml,0
advertising_products.xml,0
advpoll.xml,0
adv_varnish.xml,0
aegir_site_subscriptions.xml,0
aes.xml,0
ae.xml,0
affected_by_promotion.xml,0
affiliates_connect_ebay.xml,0
affiliates_connect_flipkart.xml,0
affiliates_connect.xml,0
aframe_extra.xml,0
aframe.xml,0
agcobcau.xml,0
age_calculator.xml,0
age_field_formatter.xml,0
age_verification.xml,0
aggrid.xml,0
agls.xml,0
agreement.xml,0
a_hole.xml,0
ajax_add_to_cart.xml,0
ajax_assets_plus.xml,0
ajax_cached_get.xml,0
ajax_comments.xml,0
ajax_confirm.xml,0
ajax_content.xml,0
ajax_dblog.xml,0
ajax_facets.xml,0
ajax_file_download_counter.xml,0
ajax_form_entity.xml,0
ajaxifyforms.xml,0
ajaxin.xml,0
ajax_link_change.xml,0
ajax_links_api.xml,0
ajax_login_popup.xml,0
ajaxlogin.xml,0
ajax_screen_lock.xml,0
ajax_search_block.xml,0
akamai.xml,0
akismet.xml,0
akv_pagepeels.xml,0
aladhan.xml,0
ala.xml,0
albacross.xml,0
alb_auth.xml,0
alert_box.xml,0
alertbox.xml,0
alert_to_admin.xml,0
alexa_flash_briefing.xml,0
alexanders.xml,0
alexa_quiz.xml,0
alexa.xml,0
algolia_module_custom.xml,0
algolia_places.xml,0
alias_auto_translate.xml,0
alinks.xml,0
alipay_api.xml,0
alipay.xml,0
aliyunossfordrupal.xml,0
allinone_backup.xml,1
allowed_formats.xml,0
allowed_languages.xml,0
allow_iframed_site.xml,0
aloha.xml,0
alter_entity_autocomplete.xml,0
altering_entity_routes.xml,0
alt_login.xml,0
altruja.xml,0
alt_stream_wrappers.xml,0
amap.xml,0
amazon_sns.xml,0
amazon.xml,0
amoebacrm.xml,0
amplitude.xml,0
amp_validator.xml,1
amp_video_embed_field_formatter.xml,0
amp.xml,0
amqp_integration.xml,0
amswap.xml,0
analog_digital_clock.xml,0
analytics_auth0.xml,0
analytics.xml,0
angular_js_example.xml,0
angularjsexample.xml,0
animate_any.xml,0
animate_css.xml,0
animated_gif.xml,0
animated_scroll_to_top.xml,0
animated_scroll_to.xml,0
animate_on_scroll.xml,0
animations.xml,0
annotation_store.xml,0
anonymous_login.xml,0
anonymous_publishing.xml,0
anonymous_redirect.xml,0
ansible.xml,0
answer_stack_core.xml,0
answers.xml,0
antibot.xml,0
antisearch_filter.xml,0
apachesolr_multilingual.xml,0
apachesolr_paragraphs.xml,0
ape.xml,0
apigee_api_catalog.xml,0
apigee_devportal.xml,0
apigee_edge.xml,0
apigee_m10n.xml,0
api_key_manager.xml,0
aping.xml,0
api_proxy.xml,0
apiservices.xml,0
api_tokens.xml,0
apitools.xml,0
api.xml,0
apollo.xml,0
appbanners.xml,0
append_file_info.xml,0
applenews.xml,0
apply_for_role.xml,0
appnexus.xml,0
appointment_calendar.xml,0
appointments.xml,0
apptiles.xml,0
apsis_mail.xml,0
arb_token.xml,0
area_print.xml,0
argue_proscons.xml,0
aria_current.xml,0
around_media.xml,0
article_test.xml,0
asana.xml,0
asciidoc.xml,0
asf.xml,0
assembly.xml,0
asset_injector.xml,0
astrology.xml,0
async_js.xml,0
async_script_shim.xml,0
at_blocks.xml,0
atinternet.xml,0
atm.xml,0
attachinbody.xml,0
attachinline.xml,0
attach_libraries.xml,0
at_tools.xml,0
attributions.xml,0
audio_embed_field.xml,0
audiofield.xml,0
audit_custom.xml,0
auditfiles.xml,2
audit_locale.xml,0
audit_log.xml,0
auth0.xml,0
authorization_code.xml,0
authorization.xml,0
author_pane_popup.xml,0
author_pane.xml,0
authy.xml,0
auto_alter.xml,0
autoban.xml,0
auto_block_scheduler.xml,0
autoclick.xml,0
auto_close_comments.xml,0
autocomplete_deluxe.xml,0
autocomplete_field_match.xml,0
autocomplete_id.xml,0
autocomplete_multiselect_contact.xml,0
autocomplete_node_search.xml,0
autocomplete_searchbox.xml,0
autodrop.xml,0
auto_entitylabel.xml,0
auto_entityqueue.xml,0
autofill_fields.xml,0
autofloat.xml,0
autogrow.xml,0
auto_heading_ids.xml,0
auto_image_style.xml,0
auto_indexer.xml,0
auto_login_url.xml,0
autologout.xml,0
automated_crop.xml,0
automatic_taxonomy_terms.xml,0
automatic_updates.xml,0
auto_menutitle.xml,0
auto_node_translate.xml,0
auto_persist_form.xml,0
autopost_facebook.xml,0
autopost_social.xml,0
auto_recommended_tags.xml,0
auto_retina.xml,0
auto_save_form.xml,0
autosave_form.xml,0
autoslave.xml,0
auto_tagging_suggestions.xml,0
autotrader_csv.xml,0
auto_username.xml,0
auto_user_role.xml,0
availability_timing.xml,0
available_updates_slack.xml,0
available_updates.xml,0
avatar_field_formatter.xml,0
avatar_image.xml,0
avatars.xml,0
aws_connector.xml,0
aws_secrets_manager.xml,0
aws.xml,0
ayah.xml,0
az_blob_fs.xml,0
azure_cognitive_services_api.xml,0
azure_emotion_api.xml,0
azure_entity_moderation.xml,0
azure_face_api.xml,0
azure_service_bus_connector.xml,0
azure_text_analytics_api.xml,0
azure_vision_api.xml,0
b2b.xml,0
backbone.xml,0
backerymails.xml,0
background_block.xml,0
background_image.xml,0
background_process.xml,0
background_video.xml,0
back_office_access_restriction.xml,0
backports.xml,0
backstop_generator.xml,0
back_to_top.xml,0
backup_db.xml,0
backup_migrate_flysystem.xml,0
backup_migrate.xml,0
backup_permissions.xml,0
bacnet.xml,0
badge.xml,0
bad_judgement.xml,0
baguettebox.xml,0
baidu_analytics.xml,0
baidumap_fieldtype.xml,0
baidu_map.xml,0
baidu_push.xml,0
baidu_share_d8.xml,0
baidu_tongji.xml,0
bakery.xml,0
balance_tracker.xml,0
bamboo_twig.xml,0
bandsintown.xml,0
barcodes.xml,0
barcode.xml,0
basic_auth_global.xml,0
basic_auth_limited.xml,0
basic_cart.xml,0
basic_data.xml,0
basic_ncbi.xml,0
basic_page.xml,0
basicshib.xml,0
bat_api.xml,0
batch_jobs.xml,0
bat.xml,0
bazaarvoice.xml,0
bbf.xml,0
bbr.xml,0
bcse.xml,0
bcs.xml,0
bcubed.xml,0
beacon_wa.xml,0
beanstalkd.xml,0
beautytips.xml,0
bec.xml,0
beer_o_clock.xml,0
beetbox.xml,0
bee.xml,0
before_after.xml,0
behance_block.xml,0
behat_ui.xml,0
be_ixf_drupal.xml,0
berf.xml,0
bestreply.xml,0
be_sure.xml,0
better_admin_tabs.xml,0
better_exposed_filters.xml,0
better_field_descriptions.xml,0
better_fields_formatters.xml,0
better_formats.xml,0
better_links.xml,0
better_login_form_config.xml,0
betterlogin.xml,0
betterlt.xml,0
better_messages.xml,0
better_module_dependencies.xml,0
better_normalizers.xml,0
better_page_not_found.xml,0
better_passwords.xml,0
better_register.xml,0
better_revisions.xml,0
better_search.xml,0
better_social_sharing_buttons.xml,0
better_status_messages.xml,0
better_subthemes.xml,0
bg_image_formatter.xml,0
bg_img_field.xml,0
bg_rotate.xml,0
bibcite_altmetric.xml,0
bibcite_crossref.xml,0
bibcite_footnotes.xml,0
bibcite_migrate.xml,0
bibcite.xml,0
bideo.xml,0
bif.xml,0
bigcommerce.xml,0
bigint.xml,0
bigmenu.xml,0
big_pipe_demo.xml,0
big_pipe_override.xml,0
big_pipe.xml,0
bigvideo.xml,0
billing.xml,0
bills.xml,0
billzone.xml,0
bing_maps_api.xml,0
biopama_protected_areas.xml,0
birdseed.xml,0
birthday_wish_mail.xml,0
bisnode.xml,0
bitbucket_issues.xml,0
bitdash_player.xml,0
bitlink.xml,0
bit_list.xml,0
bitmovin_player.xml,0
bitpay.xml,0
bitsensor.xml,0
bizible_analytics.xml,0
blackbaud_sky_api.xml,0
blackfire.xml,0
blank_node_title.xml,0
blazemeter.xml,0
blazy_blurry_placeholder.xml,0
blazyloading.xml,0
blazy_photoswipe.xml,0
blazy.xml,0
blind.xml,0
blizz_bulk_creator.xml,0
blizz_dynamic_entitylist.xml,0
blizz_table_field.xml,0
blizz_vanisher.xml,0
blocache.xml,0
block_access.xml,0
block_ajax.xml,0
blockanonymouslinks.xml,0
block_aria_landmark_roles.xml,0
block_backup_restore.xml,0
block_blacklist.xml,0
block_cache_metadata.xml,0
block_cache.xml,0
blockchain.xml,0
block_class_select.xml,0
block_class.xml,0
block_content_machine_name.xml,0
block_content_permissions.xml,0
block_content_revision_ui.xml,0
block_cookies.xml,0
block_country.xml,0
block_date.xml,0
block_exclude_pages.xml,0
block_extras.xml,0
block_field.xml,0
block_form_alter.xml,0
block_formatter.xml,0
blockgroup.xml,0
block_id.xml,0
block_inactive_users.xml,0
block_in_page_not_found.xml,0
block_instance_field.xml,0
block_ipaddress.xml,0
block_layout.xml,0
block_node_type_negate.xml,0
block_node.xml,0
block_noresults.xml,0
block_page_layout.xml,0
block_page.xml,0
block_panelizer_usage.xml,0
block_permissions.xml,0
block_placeholder.xml,0
block_refresh.xml,0
block_region_permissions.xml,0
block_render.xml,0
blocks_by_page_path.xml,0
block_scheduler.xml,0
block_sidekick.xml,0
block_style_plugins.xml,0
block_styles.xml,0
blocktabs.xml,0
block_theme_sync.xml,0
blocktheme.xml,0
block_titlelink.xml,0
block_token.xml,0
block_type_templates.xml,0
block_upload.xml,0
block_visibility_conditions.xml,0
block_visibility_groups.xml,0
blogapi.xml,0
blog.xml,0
blueimp.xml,0
bluesky.xml,0
bmi.xml,0
boardgames.xml,0
board.xml,0
body_node_id_class.xml,0
body_scroll_lock.xml,0
body_style_image.xml,0
bontact.xml,0
book_blocks.xml,0
book_tree_menu.xml,0
boolean_formatter.xml,0
boolean_single_state_formatter.xml,0
bootstrap4_layouts.xml,0
bootstrap4_modal.xml,0
bootstrap4_tools.xml,0
bootstrap_basic_image_gallery.xml,0
bootstrap_carousel_if.xml,0
bootstrap_ce.xml,0
bootstrap_colors.xml,0
bootstrap_datepicker.xml,0
bootstrap_datetime_picker.xml,0
bootstrap_editor.xml,0
bootstrap_forms_ui.xml,0
bootstrap_kit.xml,0
bootstrap_languages.xml,0
bootstrap_layouts.xml,0
bootstrap_library_scss.xml,0
bootstrap_library.xml,0
bootstrap_login_authenticate.xml,0
bootstrap_menu_items.xml,0
bootstrap_modal_messages.xml,0
bootstrap_pages.xml,0
bootstrap_paragraphs.xml,0
bootstrap_quicktabs.xml,0
bootstrap_simple_carousel.xml,0
bootstrap_site_alert.xml,0
bootstrap_toggle_composer.xml,0
bootstrap_toggle_library.xml,0
bootstrap_toggle.xml,0
bootstrap_utilities.xml,0
botscout.xml,0
boxout.xml,0
box.xml,0
br_address_field.xml,0
braintree_api.xml,0
braintree_cashier.xml,0
braintree_donations.xml,0
branchee_block.xml,0
br_billing_fields.xml,0
breadcrumb_extra_field.xml,0
breadcrumb_manager.xml,0
breadcrumb_menu.xml,0
breadcrumbs_visibility.xml,0
breakgen.xml,0
breakpoint_js_settings.xml,0
breakpoints_settings.xml,0
breakpoints_ui.xml,0
breakpoints.xml,0
breezy.xml,0
brew_tools.xml,0
bricks_bootstrap.xml,0
bricks.xml,0
bridtv.xml,0
brightcove.xml,0
brightedge_seo_check.xml,0
brighttalk_field.xml,0
bring_postal_code.xml,0
broadcast_message.xml,0
broken_link.xml,0
broken_tests.xml,0
browscap.xml,0
browser_detect.xml,0
browser_development.xml,0
browser_push_notification.xml,0
browser_refresh.xml,0
browsersync.xml,0
brussels_calendar.xml,0
bs_inventory.xml,0
bt_article.xml,0
bt_basic_page.xml,0
bt_blog.xml,0
bt_cbc.xml,0
bt_cms.xml,0
bt_core.xml,0
bt_crm.xml,0
bt_documents.xml,0
bt_faq.xml,0
bt_forum.xml,0
bt_image_gallery.xml,0
bt_image.xml,0
bt_media.xml,0
bt_poll.xml,0
bt_polymer_components.xml,0
bt_portfolio.xml,0
bt_slideshow.xml,0
bt_toolbar.xml,0
bt_video.xml,0
bud.xml,0
bueditor.xml,0
buffer_schedule.xml,0
bugherdapi.xml,0
bugsnag.xml,0
builder_notes.xml,0
build_hooks.xml,0
bulk_alias_checker.xml,0
bulkcckfielddelete.xml,0
bulk_comment_delete.xml,0
bulk_content_operation.xml,1
bulk_copy_fields.xml,0
bulkdelete.xml,0
bulk_edit_terms.xml,0
bulkemail.xml,0
bulk_form_extended.xml,0
bulkgate_sms.xml,0
bulk_invite.xml,0
bulk_term_merge.xml,0
bulk_update_fields_commerce.xml,0
bulk_update_fields.xml,0
bulk_user_registration.xml,0
bulletin.xml,0
bundle_override.xml,0
bundle_redirect.xml,0
bundle_reference.xml,0
business_core.xml,0
business_rules.xml,0
buster.xml,0
button_formatter.xml,0
button_link.xml,0
bu.xml,0
buymeabeer.xml,0
bxslider_block.xml,0
bxslider.xml,0
bynder.xml,1
byteplant_email_validation.xml,0
byu_academic_calendar.xml,0
byu_calendar_paragraph.xml,0
byu_calendar.xml,0
byu_card_paragraphs.xml,0
byu_faculty_directory.xml,0
byu_hero.xml,0
byu_layout_card.xml,0
byu_news.xml,0
byu_paragraphs.xml,0
byu_resources.xml,0
byu_slideshow.xml,0
byu_views_card.xml,0
cacheability_metadata_inspector.xml,0
cache_alter.xml,0
cachebuster.xml,0
cache_clear_shortcut.xml,0
cache_consistent.xml,0
cache_control_override.xml,0
cached_computed_field.xml,0
cacheexclude.xml,0
cacheflusher.xml,0
cacheflush.xml,0
cache_graceful.xml,0
cachemg.xml,0
cacherefs.xml,0
cache_split.xml,0
cachetag_notify.xml,0
cachetags_table_bypass.xml,0
cache_tags.xml,0
cachetags.xml,0
cache_tools.xml,0
cakephpass.xml,0
calc.xml,0
calendar_link.xml,0
calendar_systems.xml,0
calendar.xml,0
calltracking.xml,0
callus.xml,0
campaign_kit.xml,0
campaignmonitor.xml,0
cancel_account.xml,0
canto_connector.xml,0
canvas_api.xml,0
canvas_fingerprint.xml,0
caps_lock_warning.xml,0
captcha_free.xml,0
captcha_keypad.xml,0
captcha_pack.xml,0
captcha_questions.xml,0
captcha.xml,0
capture_entity_changes.xml,0
carbon_factors.xml,0
cardboard.xml,0
cards.xml,0
carerix_api_client.xml,0
carerix_form.xml,0
care.xml,0
carousel_block.xml,0
carryquery.xml,0
car_specification.xml,0
carto_sync.xml,0
cas_attributes.xml,0
cascading_deletion.xml,0
casperjs.xml,0
casper_uninstall.xml,0
cas.xml,0
cbb.xml,0
cb.xml,0
ccc.xml,0
cck_select_other.xml,0
ccos.xml,0
cctags.xml,0
cdek_api.xml,0
cdn_cloudfront_private.xml,0
cdn.xml,0
celum_connect.xml,0
centreon_status.xml,0
cer.xml,0
cg_payment.xml,0
cg.xml,0
champions_blog_core.xml,0
change_author_action.xml,0
changed_fields.xml,0
changelog.xml,0
change_pwd_page.xml,0
change_requests.xml,0
change_user_route.xml,0
chargelogic_payment.xml,0
chart_block.xml,0
charting.xml,0
chartist.xml,0
chartjs_api.xml,0
chart_js_field.xml,0
chatbot_api_alexa.xml,0
chatbot_api.xml,0
chatbot.xml,0
chatbro.xml,0
chatroll.xml,0
chatroom.xml,0
chatwee.xml,0
chatwindow.xml,0
check_dns.xml,0
check_js.xml,0
checklistapi.xml,0
checklist_entity_reference.xml,0
cheeseburger_menu.xml,0
chemical_taxonomy.xml,0
child_entity.xml,0
china_address.xml,0
chinese_captcha.xml,0
chinese_identity_card.xml,0
chosen.xml,0
christmas_lights.xml,0
chrome_push_notification.xml,0
chr.xml,0
chunker.xml,0
cincopa.xml,0
cision_block.xml,0
cision_feeds.xml,0
cision_feed.xml,0
cision_notify_pull.xml,0
city_picker.xml,0
civicactions_empowered.xml,0
civicrm_contact_form.xml,0
civicrm_cron.xml,0
civicrm_entity.xml,0
civicrm_member_roles.xml,0
civicrm_tools.xml,0
civilcomments.xml,0
civimail.xml,0
ckan_connect.xml,0
ckeditor_a11ychecker.xml,0
ckeditor_abbreviation.xml,0
ckeditor_accessibility_auditor.xml,0
ckeditor_accordion.xml,0
ckeditor_advanced_tab.xml,0
ckeditor_apester.xml,0
ckeditor_autosave.xml,0
ckeditor_balloonpanel.xml,0
ckeditor_bgimage.xml,0
ckeditor_bidi.xml,0
ckeditor_blockquote_attribution.xml,0
ckeditor_bootstrap_buttons.xml,0
ckeditor_bootstrap_grid.xml,0
ckeditor_bootstrap_table.xml,0
ckeditor_bootstrap_tabs.xml,0
ckeditor_browser_context_menu.xml,0
ckeditor_bs_grid.xml,0
ckeditor_chart.xml,0
ckeditor_codemirror.xml,0
ckeditor_confighelper.xml,0
ckeditor_config.xml,0
ckeditor_content_style.xml,0
ckeditor_contents.xml,0
ckeditor_descriptionlist.xml,0
ckeditor_details.xml,0
ckeditor_dialog.xml,0
ckeditor_div_manager.xml,0
ckeditor_div.xml,0
ckeditor_drupalbreaks.xml,0
ckeditor_emojione.xml,0
ckeditor_entity_link.xml,0
ckeditor_find.xml,0
ckeditor_fixed_toolbar.xml,0
ckeditor_font.xml,0
ckeditor_frame.xml,0
ckeditor_giella.xml,0
ckeditor_googlesearch.xml,0
ckeditorheight.xml,0
ckeditor_iframe.xml,0
ckeditor_indentblock.xml,0
ckeditor_inserthtml.xml,0
ckeditor_jsplugins.xml,0
ckeditor_lineheight.xml,0
ckeditor_link_with_text.xml,0
ckeditor_listicle_heading.xml,0
ckeditor_liststyle.xml,0
ckeditor_loremipsum.xml,0
ckeditor_ls.xml,0
ckeditor_markdown.xml,0
ckeditor_media_embed.xml,0
ckeditor_mentions.xml,0
ckeditor_nofollow.xml,0
ckeditor_oembed.xml,0
ckeditor_placeholder.xml,0
ckeditor_print.xml,0
ckeditor_quicktable.xml,0
ckeditor_quote.xml,0
ckeditor_quran.xml,0
ckeditor_resize.xml,0
ckeditor_responsive_plugin.xml,0
ckeditor_rm.xml,0
ckeditor_scayt.xml,0
ckeditor_sitesearch.xml,0
ckeditor_smiley.xml,0
ckeditor_specialchars.xml,0
ckeditor_spoiler.xml,0
ckeditor_standalone_styles.xml,0
ckeditor_styles_js.xml,0
ckeditor_syntaxhighlighter.xml,0
ckeditor_tabber.xml,0
ckeditor_tableresize.xml,0
ckeditor_tableselection.xml,0
ckeditor_table_tools_toolbar.xml,0
ckeditor_tabletoolstoolbar.xml,0
ckeditor_templates_ui.xml,0
ckeditor_templates.xml,0
ckeditor_textindent.xml,0
ckeditor_texttransform.xml,0
ckeditor_translator.xml,0
ckeditor_tweetthis.xml,0
ckeditor_uploadimage.xml,0
ckeditor_videodetector.xml,0
ckeditor_video.xml,0
ckeditor_widgets.xml,0
ckeditor_wiris.xml,0
ckeditor_yandex_spellchecker.xml,0
ckeditor_youtube.xml,0
ckwordcount.xml,0
claim_on_registration.xml,0
clamav.xml,0
clarion_date.xml,0
classitup.xml,0
classy_paragraphs.xml,0
cleaner.xml,0
clean_maintenance.xml,0
cleanpager.xml,0
cleanreplacecommand.xml,0
cleantalk.xml,0
cleantaxonomy.xml,0
cleverreach.xml,0
clever_theme_switcher.xml,0
clickandpledge_connect.xml,0
click_a_role.xml,0
client_connection_square.xml,0
client_connection.xml,0
client_hints.xml,0
clientside_validation.xml,1
cli_language.xml,0
clipboardjs.xml,0
clockpicker.xml,0
closeblock.xml,0
cloudflare_stream.xml,0
cloudfront_edge_caching.xml,0
cloudfront_path_invalidate.xml,0
cloudfront_purger.xml,0
cloudinary.xml,0
cloudmersiveantivirus.xml,0
cloudmersivensfwimageblocker.xml,0
cloudsight.xml,0
cloud.xml,0
cludo_search.xml,0
cludo.xml,0
cm_config_tools.xml,0
cmis.xml,0
cmlapi.xml,0
cmlexchange.xml,0
cmlmerchant.xml,0
cmlstarter_demo.xml,0
cmlstarter.xml,0
cmood.xml,0
cms_blog.xml,0
cms_content_sync.xml,0
cms_core.xml,0
cms_events.xml,0
cms_news.xml,0
cms_portfolio.xml,0
cmsship.xml,0
cnzz.xml,0
coc_forms_auto_export.xml,0
cocoen_beforeafter.xml,0
cocoon_media.xml,0
code_error_display.xml,0
codefilter.xml,0
codemirror_editor.xml,0
codemirror_field.xml,0
coder.xml,0
codesnippet_geshifilter.xml,0
codesnippet.xml,0
codetag.xml,0
codius.xml,0
coffee_extras.xml,0
coffee_mediteran.xml,0
coffee.xml,0
cognito.xml,0
coil.xml,0
cointools.xml,0
coi.xml,0
collageformatter.xml,0
collapse_text.xml,0
collapsible_dnd.xml,0
collapsiblock.xml,0
collmex.xml,0
colofilters.xml,0
colorapi.xml,0
colorbox_field_formatter.xml,0
colorbox_inline.xml,0
colorbox_load.xml,0
colorbox_simple_load.xml,0
colorbox.xml,0
colorbox_zoom.xml,0
colorbutton_styletoattribute.xml,0
colorbutton.xml,0
colordialog.xml,0
color_field.xml,0
colorized_gmap.xml,0
color_page_break.xml,0
color_schema_ui.xml,0
colors.xml,0
color_widget.xml,0
colossal_menu.xml,0
colours.xml,0
comercio.xml,0
coming_soon.xml,0
comm100_live_chat.xml,0
command_bus.xml,0
commander.xml,0
command_runner_ui.xml,0
comment_admin_notify.xml,0
comment_advanced.xml,0
comment_ajax_pager.xml,0
comment_alter.xml,0
comment_anonymous_account_info.xml,0
comment_approver.xml,0
comment_delete.xml,0
comment_deletion.xml,0
comment_ip.xml,0
comment_notifications.xml,0
comment_perm.xml,0
comment_reply_count.xml,0
commentrss.xml,0
comments_order.xml,0
commerce_abandoned_carts.xml,0
commerce_addon.xml,0
commerce_add_to_cart_link.xml,0
commerce_add_to_cart_matrix.xml,0
commerce_affirm.xml,0
commerce_agree_terms.xml,0
commerce_ajax_cart_message.xml,0
commerce_alipay.xml,0
commerce_amazon_lpa.xml,0
commerce_amws.xml,0
commerce_approve.xml,0
commerce_atom_payment.xml,0
commerce_auspost.xml,0
commerce_authnet.xml,0
commerce_autosku.xml,0
commerce_avatax.xml,0
commerce_bambora.xml,0
commerce_banklink.xml,0
commerce_barion_payment.xml,0
commerce_billbee.xml,0
commerce_bitpayir.xml,0
commerce_braintree_marketplace.xml,0
commerce_braintree.xml,0
commerce_btcpay.xml,0
commerce_canadapost.xml,0
commerce_cart_advanced.xml,0
commerce_cart_api.xml,0
commerce_cart_blocks.xml,0
commerce_cart_categories.xml,0
commerce_cart_flyout.xml,0
commerce_cart_redirection.xml,0
commerce_cart_refresh.xml,0
commerce_cashpresso.xml,0
commerce_ccavenue.xml,0
commerce_checkage.xml,0
commerce_checkout_link.xml,0
commerce_checkout_order_fields.xml,0
commerce_checkout_paths.xml,0
commerce_choose_price.xml,0
commerce_cib.xml,0
commerce_claim_gift_aid.xml,0
commerce_clic.xml,0
commerce_cnpay.xml,0
commerce_coinpayments.xml,0
commerce_colissimo_shipping.xml,0
commerce_combine_carts.xml,0
commerce_confirm_leave.xml,0
commerce_cop.xml,0
commerce_cost.xml,0
commerce_country_store.xml,0
commerce_coupon_conditions.xml,0
commerce_currencies_price.xml,0
commerce_currency_switcher.xml,0
commerce_customers_also_bought.xml,0
commerce_customization.xml,0
commerce_datatrans.xml,0
commerce_decoupled_checkout.xml,0
commerce_demo.xml,0
commerce_dibs.xml,0
commerce_dps_pxpay.xml,0
commerce_dps.xml,0
commerce_easypaybg.xml,0
commerce_econt.xml,0
commerce_ecpay.xml,0
commerce_elavon.xml,0
commerce_epaybg.xml,0
commerce_eta.xml,0
commerce_euplatesc.xml,0
commerce_exchanger.xml,0
commerce_extra_items.xml,0
commerce_fedex.xml,0
commerce_feeds.xml,0
commerce_fondy.xml,0
commerce_forte.xml,0
commerce_funds.xml,0
commerce_globalpayments.xml,0
commerce_gocardless_payment.xml,0
commerce_gocardless.xml,0
commerce_google_analytics.xml,0
commerce_google_tag_manager.xml,0
commerce_guest_registration.xml,0
commerce_hyperpay.xml,0
commerce_iats.xml,0
commerce_ifthenpay.xml,0
commerce_ingenico.xml,0
commerce_installments.xml,0
commerce_instamojo.xml,0
commerce_inventory_square.xml,0
commerce_inventory.xml,0
commerce_invoice.xml,0
commerce_itransact.xml,0
commerce_klarna_checkout.xml,0
commerce_klarna_payments.xml,0
commerce_klaviyo.xml,0
commerce_license_access_control.xml,0
commerce_license_entity_field.xml,0
commerce_liqpay_gateway.xml,0
commerce_mangopay_dpi.xml,0
commerce_marketplace.xml,0
commerce_mautic.xml,0
commerce_midtrans.xml,0
commerce_mollie.xml,0
commerce_moneris.xml,0
commerce_moyasar.xml,0
commerce_nets.xml,0
commerce_nordea.xml,0
commerce_nzpost.xml,0
commerce_nz.xml,0
commerce_oci_checkout.xml,0
commerce_omise.xml,0
commerce_opp.xml,0
commerce_order_autovalidate.xml,0
commerce_order_flag.xml,0
commerce_order_number.xml,0
commerce_order_pdf.xml,0
commerce_pado.xml,0
commerce_pagamastarde.xml,0
commerce_pagos_net.xml,0
commerce_pagseguro_transp.xml,0
commerce_partpay.xml,0
commerce_pasargad.xml,0
commerce_payeezy.xml,0
commerce_payir.xml,0
commerce_payjp.xml,0
commerce_paylike.xml,0
commerce_payment_onsite.xml,0
commerce_payment_spp.xml,0
commerce_paymetric.xml,0
commerce_paymill.xml,0
commerce_payone.xml,0
commerce_paypal.xml,0
commerce_payplug.xml,0
commerce_payscz.xml,0
commerce_paytabs.xml,0
commercepaytm.xml,0
commerce_paytrail.xml,0
commerce_payu_india.xml,0
commerce_payumoney.xml,0
commerce_payu_webcheckout.xml,0
commercepayu.xml,0
commerce_payway.xml,0
commerce_pei.xml,0
commerce_postcode_delivery.xml,0
commerce_postfinance.xml,0
commerce_pos.xml,0
commerce_pricelist.xml,0
commerce_price_rule.xml,0
commerce_price_table.xml,0
commerce_price_updater.xml,0
commerce_printful.xml,0
commerce_print.xml,0
commerce_product_kit.xml,0
commerce_product_menu_ui.xml,0
commerce_product_minmax.xml,0
commerce_product_permissions_by_type.xml,0
commerce_product_reservation.xml,0
commerce_product_review.xml,0
commerce_product_type_fees.xml,0
commerce_product_variation_csv.xml,1
commerce_profile_pane.xml,0
commerce_promo_link.xml,0
commerce_prorater_stepped_proportional.xml,0
commerce_purchase_on_account.xml,0
commerce_purchase_order.xml,0
commerce_qb_webconnect.xml,0
commerce_qualpay.xml,0
commerce_quantity_increments.xml,0
commerce_quantity_pricing.xml,0
commerce_quick_edit.xml,0
commerce_quickpay_gateway.xml,0
commerce_rave.xml,0
commerce_rbspayment.xml,0
commerce_realex.xml,0
commerce_recent_purchase_popup.xml,0
commerce_recurring_metered.xml,0
commerce_recurring_shipping.xml,0
commerce_reddotpayment.xml,0
commerce_refund_log.xml,0
commerce_rental.xml,0
commerce_repeat_order.xml,0
commerce_replace_order.xml,0
commerce_reports.xml,0
commerce_robokassa.xml,0
commerce_salesforce_integrator.xml,0
commerce_satispay.xml,0
commerce_sberbank_acquiring.xml,0
commerce_sepa.xml,0
commerce_sermepa.xml,0
commerce_shipengine.xml,0
commerce_shipping_paczkomaty.xml,0
commerce_shipping_stepped_by_item.xml,0
commerce_shipping.xml,0
commerce_shopping_hours.xml,0
commerce_simplestock.xml,0
commerce_smart_importer.xml,0
commerce_smartpay.xml,0
commerce_sofortbanking.xml,0
commerce_store_domain.xml,0
commerce_stripe_payment_request_button.xml,0
commerce_stripe.xml,0
commerce_swisscom_easypay.xml,0
commerce_taxcloud.xml,0
commerce_taxjar.xml,0
commerce_tax_plus.xml,0
commerce_tax_wa.xml,0
commerce_tpay.xml,0
commerce_turtlecoin.xml,0
commerce_ups.xml,0
commerce_url.xml,0
commerce_usaepay.xml,0
commerce_userpoints.xml,0
commerce_usps.xml,0
commerce_vado.xml,0
commerce_variation_add_to_cart.xml,0
commerce_variation_cart_form.xml,0
commerce_vendor.xml,0
commerce_verifone.xml,0
commerce_view_reports.xml,0
commerce_vipps.xml,0
commerce_vl.xml,0
commerce_vpay.xml,0
commerce_wayforpay.xml,0
commerce_webform_order.xml,0
commerce_webpay_by.xml,0
commerce_webpayplus.xml,0
commerce_webpay.xml,0
commerce_wechat_pay.xml,0
commerce_wishlist_api.xml,0
commerce_wishlist.xml,0
commerce_worldpay.xml,0
commerce_xattributes.xml,0
commerce_xero.xml,0
commerce_xquantity.xml,0
commerce_zarinpal.xml,0
commit_author.xml,0
common_asked_questions.xml,0
commonmark.xml,0
communications.xml,0
communico.xml,0
community_funded.xml,0
compare_role_permissions.xml,0
comparison_builder.xml,0
compatible.xml,0
complex_field.xml,0
components_combo.xml,0
components_extras.xml,0
components.xml,0
composer_deploy.xml,0
composer_forced.xml,0
composerize.xml,0
composer_manager.xml,0
compose.xml,0
compound_title.xml,0
compressed_cache.xml,0
computed_field.xml,0
comscore_direct.xml,0
concurrent_edit_notify.xml,0
concurrent_url_negotiation.xml,0
concurrent_users_notification.xml,0
conditional_message.xml,0
conditional_styles.xml,0
condition_field.xml,0
condition_pack.xml,0
condition_plugins_commerce.xml,0
condition_plugins.xml,0
condition_query.xml,0
conf_block.xml,0
config2php.xml,0
config_actions_provider.xml,0
config_actions.xml,1
config_auto_export.xml,0
config_default_image.xml,0
config_delete.xml,0
config_devel.xml,0
config_direct_save.xml,0
configelement.xml,0
config_exclude.xml,0
config_export_json.xml,0
config_form.xml,0
config_ignore_features.xml,0
config_ignore_keys.xml,0
config_ignore_readonly.xml,0
config_ignore.xml,0
config_import_de.xml,0
config_import_locale.xml,0
config_inspector.xml,0
config_log.xml,0
config_normalizer.xml,0
config_notify.xml,0
config_overlay.xml,0
config_overridden.xml,0
config_override_core_fields.xml,0
config_override_message.xml,0
config_override_warn.xml,0
config_owner.xml,0
config_packager.xml,0
config_pages_import.xml,0
config_partial_export.xml,0
config_perms_context.xml,0
config_perms.xml,0
config_profile.xml,0
config_provider.xml,0
config_readonly_filter.xml,0
config_readonly_menu_ui.xml,0
config_readonly.xml,0
config_refresh.xml,0
config_replace.xml,0
config_rewrite.xml,0
config_role_split.xml,0
config_selector.xml,0
config_single_export.xml,0
config_snapshot.xml,0
config_split_manager.xml,0
config_src.xml,0
config_suite.xml,0
config_sync.xml,0
config_templates.xml,0
config_token.xml,0
config_tools.xml,0
config_translation.xml,0
configurable_theme_libraries.xml,0
config_views.xml,0
confirm_leave.xml,0
confi.xml,0
conflict.xml,0
connection.xml,0
consent.xml,0
consistent_uid.xml,0
console_extras.xml,0
console_logger.xml,0
constant_contact_block.xml,0
consumer_image_styles.xml,0
consumers_token.xml,0
consumers.xml,0
contact_ajax.xml,0
contact_block.xml,0
contact_cc.xml,0
contact_default_fields_override.xml,0
contact_emails.xml,0
contact_formatter.xml,0
contactform_block.xml,0
contact_form_permissions.xml,0
contact_form_summary.xml,0
contact_link.xml,0
contactlist.xml,0
contact_mail.xml,0
contactmap.xml,0
contact_message_permissions.xml,0
contact_message_rest.xml,0
contact_onlinepbx.xml,0
contact_optional_outgoing_mail.xml,0
contact_permissions.xml,0
contact_poup.xml,0
contact_scheduler.xml,0
contacts_events.xml,0
contact_storage_export.xml,0
contact_storage_options_email_recipient.xml,0
contact_storage.xml,0
contact_tools.xml,0
contact_us.xml,0
contentajs.xml,0
contentanalysis.xml,0
content_browser.xml,0
content_close.xml,0
content_editing_message.xml,0
content_entity_builder.xml,1
content_entity_student.xml,0
content_export_csv.xml,0
content_exports.xml,0
content_feedback.xml,0
content_fixtures.xml,0
contentimport.xml,0
content_language_access.xml,0
content_locker.xml,0
content_lock.xml,0
content_moderation_edit_notify.xml,0
content_moderation_notifications.xml,0
content_moderation_reviewer.xml,0
content_moderation_scheduled_updates.xml,0
content_notify.xml,0
content_packager.xml,5
content_parser.xml,0
content_planner.xml,0
content_porter.xml,0
content_scroller.xml,0
contentserialize.xml,0
content_snippets.xml,0
content_synchronizer.xml,0
content_sync.xml,2
content_tab.xml,0
content_translation_redirect.xml,0
content_translation_workflow.xml,0
content_type_clone.xml,0
content_type_dependency.xml,0
content_type_tool.xml,0
context_active_trail.xml,0
context_breadcrumb.xml,0
context_datalayer.xml,0
context_groups.xml,0
context_layout.xml,0
context_manager.xml,0
context_metadata.xml,0
context_node_template.xml,0
context_profile_role.xml,0
context_region_embed.xml,0
contextual_cleaner.xml,0
contextual_entity_list.xml,0
contextual_filter_range_validator.xml,0
contextual_range_filter.xml,0
contextual_reports.xml,0
contextual_views.xml,0
context.xml,0
contribute.xml,0
controlled_access_terms.xml,0
controlled_fields.xml,0
convert_bundles.xml,0
convertcontacts.xml,0
converter_tools.xml,0
convert_nodes.xml,0
cookie_banner.xml,0
cookiebot.xml,0
cookie_consent_notice_by_cookieyes.xml,0
cookieconsent.xml,0
cookie_content_blocker.xml,0
cookiecuttr.xml,0
cookie_gdpr.xml,0
cookiepro_ccpa.xml,0
cool_message.xml,0
coordinate_field.xml,0
coorrency.xml,0
copy_filter.xml,0
copyprevention.xml,0
copyright_block.xml,0
copyright_footer.xml,0
copysafe_video_protection.xml,0
coral_talk.xml,0
core_extend.xml,0
core_views_facets.xml,0
corona_counter.xml,0
corporatelogin.xml,0
cors_ui.xml,0
cors.xml,0
cosign.xml,0
couchdb_statistics.xml,0
countdown_event.xml,0
counter_up.xml,0
counter.xml,0
count_on_scroll.xml,0
countries_info.xml,0
countries_taxonomy.xml,0
country_path.xml,0
country_specific_nodes.xml,0
country_state_city.xml,0
country_state_field.xml,0
country.xml,0
countup.xml,0
coupon_for_role.xml,0
courier_sms.xml,0
courier.xml,0
cove_api.xml,0
cpanel.xml,0
cpf.xml,0
craftyclicks.xml,0
crazyegg.xml,0
createandcontinue.xml,0
create_and_translate.xml,0
created_account_register_message.xml,0
create_new_entity_reference_permission.xml,0
create_user_permission.xml,0
creditfield.xml,0
crisis_mode.xml,0
critical_css.xml,0
cronkeychange.xml,0
cron_oracle.xml,0
cron_time.xml,0
crop.xml,0
crowdriff.xml,0
crowdsourcing.xml,0
cryptocurrency_field.xml,0
cryptolog.xml,0
crypto_miner.xml,0
cshs.xml,0
csp.xml,0
csrf_anonymous_token.xml,0
css_background.xml,0
css_browser_selector.xml,0
css_debuger.xml,0
css_editor.xml,0
cssgram.xml,0
csv2sql.xml,0
csv_importer.xml,0
csv_serialization.xml,0
csv_to_config.xml,0
ctc.xml,0
cumulio.xml,0
curatorio.xml,0
cura.xml,0
currency_fixer_io.xml,0
currencylayer_currency_converter.xml,0
currency_taxonomy.xml,0
currency.xml,0
current_page_crumb.xml,0
current_page_entity_tokens.xml,0
curtain_raiser.xml,0
custom_add_another.xml,0
custom_add_content.xml,0
custom_body_class.xml,0
custom_checkboxes.xml,0
custom_configurations.xml,0
custom_db_table_views.xml,0
custom_elements.xml,0
custom_entity_pager.xml,0
customerror.xml,0
customers_canvas.xml,0
customfieldtoken.xml,0
customfilter.xml,0
custom_formatters.xml,0
custom_header_image.xml,0
custom_markup_block.xml,0
custom_menu_breadcrumbs.xml,0
custom_messages.xml,0
custom_metatags.xml,0
custom_meta.xml,0
custom_mouse_pointer.xml,0
custom_nid.xml,0
custom_nodeformactions.xml,0
custom_poweredby.xml,0
custom_search.xml,0
custom_solr_search.xml,0
custom_sql_migrate_source_plugin.xml,0
custom_table_creation.xml,0
custom_text.xml,0
custom_title.xml,0
custom_translation_deployments.xml,0
customtranslations.xml,0
custom_view_filters.xml,0
custom_voice_search.xml,0
cuzzle.xml,0
cycle_news_display.xml,0
cyr2lat.xml,0
cyrillic_to_latin.xml,0
czater.xml,0
d500px.xml,0
d8_google_optimize_hide_page.xml,0
da11y.xml,0
daemons.xml,0
dark_mode.xml,0
dashboard_connector.xml,0
data_attribute_gmap.xml,0
database_backup.xml,0
database_info.xml,0
database_management.xml,0
datadog_p.xml,0
data_encryption.xml,0
data_fixtures.xml,0
datagouvfr_geocoder.xml,0
data_hover_filter.xml,0
data_import.xml,0
datalayer.xml,0
data_policy.xml,0
datatables.xml,0
data_tree_builder.xml,0
date_all_day.xml,0
date_ap_style.xml,0
date_group.xml,0
date_pager.xml,0
date_popup_timepicker.xml,0
daterange_compact.xml,0
date_range_formatter.xml,0
date_recur_interactive.xml,0
date_recur_modular.xml,0
date_recur_opening_hours.xml,0
date_recur_ss.xml,0
date_recur.xml,0
date_time_day.xml,0
date_time_defaults.xml,0
datetime_extras.xml,0
datetimehideseconds.xml,0
datetime_min_max.xml,0
datetime_range_ef.xml,0
datetime_range_timezone.xml,0
daul.xml,0
dbal.xml,0
dbee.xml,0
dbg.xml,0
dblog_conditions.xml,0
dblog_filter.xml,0
dblog_mailer.xml,0
dblog_pager.xml,0
dblog_persistent.xml,0
dblog_quick_filter.xml,0
db_maintenance.xml,0
dbpedia_spotlight.xml,0
dbug.xml,0
ddate_block.xml,0
dea_blocker.xml,1
deactivate_account.xml,0
death_link.xml,0
debug_bar.xml,0
debugme.xml,0
decoupled_auth.xml,0
decoupled_kit.xml,0
decoupled_quiz.xml,0
decoupled_rest_views.xml,0
decoupled_router.xml,0
decoupled.xml,0
default_content_access.xml,0
default_content_deploy.xml,0
default_content_extra.xml,0
default_content_moderation.xml,0
default_content.xml,0
defaultcontent.xml,0
default_paragraphs.xml,0
default_toolbar_menu.xml,0
defined_table_field.xml,0
degov_simplenews.xml,0
delete_all.xml,0
delete_files.xml,0
delete_users_csv.xml,0
delimited_field_formatter.xml,0
demo_content.xml,0
depcalc.xml,0
dependency_visualizer.xml,0
deploy_individual.xml,0
deploy_key.xml,0
deploy.xml,0
described_link.xml,0
description_field.xml,0
design.xml,0
desk_net.xml,0
destination_alter.xml,0
detailsfilter.xml,0
devdocs.xml,1
devel_a11y.xml,0
devel_ace.xml,0
devel_codemirror.xml,0
devel_debug_40x.xml,0
devel_debug_log.xml,0
devel_entity_updates.xml,0
devel_ladybug.xml,0
devel_mail_logger.xml,0
devel_mode.xml,0
devel_node_access.xml,0
developer_authentication.xml,0
developer_module.xml,0
development_environment.xml,0
devel_php_ace.xml,0
devel_php.xml,0
devel_snippet.xml,0
dev_modules.xml,0
dev_roles_users.xml,0
dfp.xml,0
dfs.xml,0
dhis2.xml,0
dialect.xml,0
diba_carousel.xml,0
dibs.xml,0
die_in_twig.xml,0
diff.xml,0
digital_size_formatter.xml,0
dimension.xml,0
dindent.xml,0
direct_checkout_by_url.xml,0
directclearcache.xml,0
direct_queue.xml,0
dirty_form_api.xml,0
dirtyform.xml,0
disable_author.xml,0
disable_autopopulate_rform.xml,0
disable_browser_back_button.xml,0
disable_enable_all_assign_block.xml,0
disable_field.xml,0
disable_html5_validation.xml,0
disable_language.xml,0
disable_link_rel.xml,0
disable_messages.xml,0
disable_modules.xml,0
disable_page_slash_node.xml,0
disable_route_normalizer.xml,0
disable_user_1_edit.xml,0
disable_user_view.xml,0
disclaimer.xml,0
discord_widget.xml,0
discountdode.xml,0
discourse_comments.xml,0
discourse_sso.xml,0
discoverable_entity_bundle_classes.xml,0
discussions.xml,0
diskfree.xml,0
dismiss.xml,0
display_field_copy.xml,0
display_fields.xml,0
display_mode_extras.xml,0
displayrole.xml,0
display_sync.xml,0
disqus.xml,0
disrupt_tools.xml,0
distill.xml,0
dlike.xml,0
dmaps.xml,0
dmt.xml,0
docbinder.xml,0
doccheck_basic.xml,0
doc_serialization.xml,0
docson.xml,0
doc_to_html.xml,1
doctrine_cache.xml,0
documentation_export.xml,0
domain_301_redirect.xml,0
domain_access_logo.xml,0
domain_adv.xml,0
domain_cf_edge_caching.xml,0
domain_entity.xml,0
domain_facebook_pixel.xml,0
domain_finder.xml,0
domain_google_analytics.xml,0
domain_googlenews_sitemap.xml,0
domain_gtm.xml,0
domain_language_google_tag.xml,0
domain_language.xml,0
domain_lang.xml,0
domain.xml,0
download_otf.xml,0
drop_in_image_slideshow.xml,0
drulma_companion.xml,0
drupal_gitlabci.xml,0
drupal_rekog.xml,0
dx8_addtoany.xml,0
dynamic_asset.xml,0
dynamic_banner.xml,0
dynamic_date.xml,0
dynamic_entity_reference.xml,0
dynamic_layouts.xml,0
dynamic_menu_item.xml,0
dynamic_menu.xml,0
dynamic_persistent_menu.xml,0
dynamictagclouds.xml,0
dyna_tree.xml,0
easy_breadcrumb.xml,0
easychart.xml,1
easy_currency_con.xml,0
easydb.xml,0
easy_email.xml,0
easy_google_analytics_counter.xml,0
easy_install.xml,0
easymeta.xml,0
eat.xml,0
eboks.xml,0
ebourgogneannuaires.xml,0
ebourgognegdd.xml,0
ebourgognenl.xml,0
ebourgognetf.xml,0
echo.xml,0
eck.xml,0
editable.xml,0
edit_and_save.xml,0
edit_content_type_tab.xml,0
edit_entity.xml,0
edit_form_warn.xml,0
edit_in_place_field.xml,0
edit_metadata_cache.xml,0
editor_absolute_image_url.xml,0
editor_advanced_image.xml,0
editor_advanced_link.xml,0
editor_email_link.xml,0
editor_file.xml,0
editor_image_attributes.xml,0
editor_md.xml,0
editor_note.xml,0
edit_own_unpublished.xml,0
edit_own_user_account_permission.xml,0
edit_poc.xml,0
edit_ui.xml,0
edit_unpublished_node_warning.xml,0
edit_uuid.xml,0
edstep.xml,0
edw_healthcheck.xml,0
efap.xml,0
eff_action.xml,0
eform.xml,0
efq_views.xml,0
efs.xml,0
egp.xml,0
eid_auth.xml,0
e_invoice_cr.xml,0
ek_health_check.xml,0
elasticsearch_aws_connector.xml,0
elasticsearch_connector_autocomp.xml,0
elasticsearch_connector.xml,0
elasticsearch_connect.xml,0
elasticsearch_helper.xml,0
elastic_search.xml,0
elbow_room.xml,0
element_class_formatter.xml,0
elevate_image_zoom.xml,0
elevatezoomplus.xml,0
elfinder.xml,0
elfsight_contact_form.xml,0
elfsight_countdown_timer.xml,0
elfsight_facebook_comments.xml,0
elfsight_facebook_feed.xml,0
elfsight_facebook_like_button.xml,0
elfsight_facebook_reviews.xml,0
elfsight_facebook_share_button.xml,0
elfsight_google_maps.xml,0
elfsight_instagram_widget.xml,0
elfsight_paypal_button.xml,0
elfsight_pinterest_feed.xml,0
elfsight_pricing_table.xml,0
elfsight_social_media_icons.xml,0
elfsight_social_share_buttons.xml,0
elfsight_youtube_gallery.xml,0
elf.xml,0
eloqua_api_redux.xml,0
eloqua_rest_api.xml,0
elui.xml,0
email_attachment.xml,0
email_autocomplete.xml,0
email_auto_login.xml,0
email_blocker.xml,0
email_captcha.xml,0
email_confirmer.xml,0
email_contact.xml,0
email_domain_restriction.xml,0
email_login.xml,0
email_nd.xml,0
email_noreply.xml,0
email_registration.xml,0
email_token.xml,0
email_validator.xml,0
email_verify.xml,0
embederator.xml,0
embed_image_style_permissions.xml,0
embedly_filter.xml,0
embedly_formatter.xml,0
embedly.xml,0
embed.xml,0
embetty.xml,0
emergency_alerts.xml,0
emogrifier.xml,0
empty_fields.xml,0
empty_front_page.xml,0
empty_page.xml,0
emptyparagraphkiller.xml,0
emulsify_twig.xml,0
ena.xml,0
encrypt_content_client.xml,0
encryption.xml,0
encrypt_kms.xml,0
encrypt_rsa.xml,0
encrypt_seclib.xml,0
encrypt_vault_transit.xml,0
encrypt.xml,0
endroid_qr_code.xml,0
energy.xml,0
enforce_profile_field.xml,0
enforce_user_fields.xml,0
enhanced_button_link.xml,0
enhanced_image_formatter.xml,0
enhanced_product.xml,0
enhanced_user.xml,0
enquirycart.xml,0
ensemble_video_chooser.xml,0
enterprise_search.xml,0
entity_access_by_role.xml,0
entity_access.xml,0
entity_autocomplete_extended.xml,0
entity_autocomplete_plus.xml,0
entity_autocomplete_suggestions.xml,0
entitybase.xml,0
entity_block_visibility.xml,0
entity_block.xml,0
entityblock.xml,0
entity_browser_block.xml,0
entity_browser_enhanced.xml,0
entity_browser_table.xml,0
entity_browser.xml,0
entity_bs_accordion_tab_formatter.xml,0
entity_bulk_clone.xml,0
entity_bundle.xml,0
entity_change_notifier.xml,0
entity_class_formatter.xml,0
entity_clone.xml,0
entity_collector_downloader.xml,0
entity_collector_notify.xml,0
entity_comparison.xml,0
entity_conditional_fields.xml,0
entityconnect.xml,0
entity_content_export.xml,0
entity_counter.xml,0
entity_count.xml,0
entity_delete_op.xml,0
entity_delete.xml,0
entity_dispatcher.xml,0
entity_domain_access.xml,0
entity_draft.xml,0
entity_edit_redirect.xml,0
entity_email.xml,0
entity_embed_extras.xml,0
entity_embed_linkit.xml,0
entity_embed_link.xml,0
entity_embed_permissions.xml,0
entity_embed.xml,0
entity_events.xml,0
entity_expiration.xml,0
entity_explorer.xml,0
entity_extra.xml,0
entity_field_condition.xml,0
entity_field_token.xml,0
entity_form_block.xml,0
entityform_block.xml,0
entity_form_field_label.xml,0
entity_form_monitor.xml,0
entity_forms_in_blocks.xml,0
entity_gallery.xml,0
entity_grants.xml,0
entity_graph_usage.xml,0
entity_graph.xml,0
entity_http_exception.xml,0
entity_jump_menu.xml,0
entity_keyvalue.xml,0
entity_legal_state.xml,0
entity_legal.xml,0
entity_library.xml,0
entity_limit.xml,0
entity_list.xml,0
entity_log.xml,0
entity_mapper_service.xml,0
entity_modifier.xml,0
entity_overlay.xml,0
entity_pager.xml,0
entity_parser.xml,0
entity_permission.xml,0
entity_pilot_git.xml,0
entity_pilot.xml,0
entity_print_form.xml,0
entity_print.xml,0
entity_query_alter.xml,0
entityqueryapi.xml,0
entityqueue_form_widget.xml,0
entityqueue.xml,0
entity_quicklook.xml,0
entity_redirect.xml,0
entity_reference_ajax_formatter.xml,0
entity_reference_crud_display.xml,0
entity_reference_dialog_formatter.xml,0
entity_reference_display.xml,0
entityreference_dragdrop.xml,0
entity_reference_exposed_filters.xml,0
entity_reference_facet_link.xml,0
entity_reference_field_formatter.xml,0
entity_reference_formatter.xml,0
entity_reference_form_rendered.xml,0
entity_reference_form.xml,0
entity_reference_inline.xml,0
entity_reference_labels.xml,0
entity_reference_layout.xml,0
entityreference_live_preview.xml,0
entityreference_multiple.xml,0
entity_reference_number_widget.xml,0
entity_reference_override.xml,0
entity_reference_quantity.xml,0
entityreference_rendered_widget.xml,0
entity_reference_tree.xml,0
entity_reference_unpublished.xml,0
entity_reference_uuid.xml,0
entity_reference_validators.xml,0
entityreference_view_mode.xml,0
entity_reference_views_select.xml,0
entity_reference_widget_helpers.xml,0
entity_ref_tab_formatter.xml,0
entity_relationship.xml,0
entity_reports.xml,0
entity_resource_layer.xml,0
entity_rest_extra.xml,0
entity_revision.xml,0
entity_role_view_mode_switcher.xml,0
entity_route_context.xml,0
entity_router.xml,0
entity_sanitizer.xml,0
entity_serial.xml,0
entity_settings.xml,0
entity_share_cron.xml,0
entity_share.xml,0
entity_slug.xml,0
entity_split.xml,0
entity_staging.xml,0
entity_storage_migrate.xml,0
entity_submenu_block.xml,0
entity_submit_redirect.xml,0
entity_switcher.xml,0
entity_tasks.xml,0
entity_template_select.xml,0
entity_theme_engine.xml,0
entity_theme_suggestions.xml,0
entity_title_length.xml,0
entity_toolbar.xml,0
entity_tools.xml,0
entitytools.xml,0
entity_type_class.xml,0
entity_type_clone.xml,0
entity_type.xml,0
entity_update.xml,0
entity_usage_addons.xml,0
entity_usage_integrity.xml,0
entity_visibility_preview.xml,0
entity_wishlist.xml,0
entity_word.xml,0
entity.xml,0
env_dependencies.xml,0
environmental_config.xml,0
environment_config.xml,0
environment_indicator.xml,0
environment.xml,0
env_variables.xml,0
epayco.xml,0
epay.xml,0
ephoto_dam.xml,0
epsacrop.xml,0
epub_viewer.xml,0
ep.xml,0
eqd.xml,0
eqneditor.xml,0
er_auto.xml,0
ercore.xml,0
erd.xml,0
erf.xml,0
erg.xml,0
erpal_core.xml,0
err_aed_dialog.xml,0
errorlevelpermission.xml,0
error_log.xml,0
errw.xml,0
ert.xml,0
er_view_filtered_formatter.xml,0
esm.xml,0
ethereum.xml,0
eu_cookie_compliance.xml,0
eus.xml,0
evanced_events_importer.xml,0
evangelische_termine.xml,0
eva.xml,0
eventbrite_attendees.xml,0
eventor.xml,0
events_log_track.xml,0
evercurrent.xml,0
eway_integration.xml,0
exam_spider.xml,0
excel_libxl.xml,0
exception_mailer.xml,0
exchange_rate_cr.xml,0
exchange_rates.xml,0
excluded.xml,0
exclude_node_author.xml,0
exclusiv_access.xml,0
exclusive_value.xml,0
exif_orientation.xml,0
exif.xml,0
existing_values_autocomplete_widget.xml,0
exit_modal.xml,0
exitpopup.xml,0
expandable_formatter.xml,0
expandable_search.xml,0
expand_collapse_formatter.xml,0
expanding_formatter.xml,0
expandingformatter.xml,0
expanding_textareas.xml,0
expand_link_formatter.xml,0
experian_validation.xml,0
experience.xml,0
expire_reset_pass_link.xml,0
expiring_roles.xml,0
expose_uuid.xml,0
extended_label.xml,0
extensions_api.xml,0
externalauth_gitlab.xml,0
externalauth.xml,0
external_data_source.xml,0
external_db_login.xml,0
external_entities_carto.xml,0
external_entities.xml,0
external_hreflang.xml,0
external_link_change.xml,0
external_link_popup.xml,0
external_link_preview.xml,0
external_links_new_tab.xml,0
external.xml,0
ext_js.xml,0
extlinker.xml,0
extlink_extra.xml,0
extlink.xml,0
extlog.xml,0
extra_body_classes.xml,0
extraconfigfield.xml,0
extra_field_description.xml,0
extra_field_plus.xml,0
extrafield_views_integration.xml,0
extra_field.xml,0
extra_image_field_classes.xml,0
extra_pagination.xml,0
extra_siteinfo.xml,0
extra_tokens.xml,0
ext_redirect.xml,0
ezproxy_stanza.xml,1
facebook_album.xml,0
facebook_comments_block.xml,0
facebook_comments_box.xml,0
facebook_comments.xml,0
facebook_feed.xml,0
facebook_instant_articles.xml,0
facebook_mcc.xml,0
facebookshare.xml,0
facebook_tracking_pixel.xml,0
facets_active_entity_block.xml,0
facets_active_view_block.xml,0
facets_block.xml,0
facets_core_search.xml,0
facets_country.xml,0
facets_custom_label.xml,0
facets_prefix_suffix.xml,0
facets_pretty_paths.xml,0
facets_product_attributes_sorting.xml,0
facets_taxonomy_path_processor.xml,0
facets_view_mode_processor.xml,0
facets.xml,0
facture.xml,0
fac.xml,1
fa_icon_class.xml,0
faircoin_address_field.xml,0
fakelink.xml,0
fakeobjects.xml,0
fake_path_alias.xml,0
faker_generate.xml,0
fallback_formatter.xml,0
fancy_file_delete.xml,0
fancyselect.xml,0
fancyzoom.xml,0
fapi_error_messages.xml,0
fapi_validation.xml,0
faq_ask.xml,0
faqfield.xml,0
faq.xml,0
fasp.xml,0
fast_404.xml,0
fat.xml,0
favorites.xml,0
fb_filter.xml,0
fbip.xml,0
fb_likebox.xml,0
fblikebutton.xml,0
fbl.xml,0
feadmin.xml,0
featurepolicy.xml,0
features_config_import.xml,0
feature_toggle.xml,0
feedbackify.xml,0
feedbacks.xml,0
feed_block.xml,0
feedmine.xml,0
feeds_advance_crawler.xml,0
feeds_brighttalk.xml,0
feeds_dependency.xml,0
feeds_ex.xml,0
feeds_halt_imports.xml,0
feeds_log.xml,0
feeds_migrate.xml,0
feeds_para_mapper.xml,0
feeds_s3_fetcher.xml,0
feeds_stock.xml,0
feeds_tamper.xml,0
feeds_twitter.xml,0
feeds.xml,0
fences.xml,0
fetch_to_local_csv.xml,0
fe.xml,0
fff.xml,0
fft.xml,0
ff.xml,0
fico.xml,0
fidformatter.xml,0
fido.xml,0
fieldable_path.xml,0
field_addresstw.xml,0
field_attribute.xml,0
field_autovalue.xml,0
fieldblock.xml,0
field_cardinality_customization.xml,0
fieldclone.xml,0
fieldcollection_multi_upload.xml,0
field_collection_tabs.xml,0
field_collection_template.xml,0
field_collection.xml,0
field_concat_display.xml,0
field_config_cardinality.xml,0
field_content_access.xml,0
field_count_formatter.xml,0
field_css_circle.xml,0
field_css.xml,0
field_defaults.xml,0
field_default_token.xml,0
field_delimiter.xml,0
field_display_label.xml,0
field_encrypt.xml,0
field_entity_dependency.xml,0
fielder.xml,0
field_expression.xml,0
field_formatter_class.xml,0
field_formatter_file_size.xml,0
field_formatter_filter.xml,0
field_formatter_key_label.xml,0
field_formatter_range.xml,0
field_formatters.xml,0
field_formatter.xml,0
field_gallery.xml,0
field_gate.xml,0
field_group_access.xml,0
field_group_ajaxified_multipage.xml,0
field_group_as_class.xml,0
field_group_background_image.xml,0
field_group_easy_responsive_tabs.xml,0
field_group_label_classes.xml,0
field_group_label.xml,0
field_group_link.xml,0
field_group_metadata.xml,0
field_group_modal_bootstrap.xml,0
field_group_settings.xml,0
field_group_table.xml,0
field_group.xml,0
field_help_helper.xml,0
field_hidden.xml,0
field_html_trim.xml,0
field_image_link.xml,0
field_image_style.xml,0
field_image_tooltips.xml,0
field_label_plurals.xml,0
field_list_details.xml,0
field_load_more.xml,0
field_location.xml,0
field_menu.xml,0
field_multiple_limit.xml,0
field_name_prefix_remove.xml,0
field_operations.xml,0
field_orbit.xml,0
field_paywall.xml,0
field_permissions.xml,0
field_pgwslideshow.xml,0
field_prefix.xml,0
field_presets.xml,0
field_properties.xml,0
field_redirection.xml,0
field_report.xml,0
fields_clone_create_tools.xml,0
fields_clone_create_tool.xml,0
field_slide_show_j360.xml,0
field_slideshow.xml,0
field_split.xml,0
field_states_ui.xml,0
field_template.xml,0
field_tokens.xml,0
field_token_value.xml,0
field_tools.xml,0
field_ui_ajax.xml,0
field_union.xml,0
field_validation.xml,0
field_widget_class.xml,0
fieldwidgetsettings.xml,0
field_widget.xml,0
field_wistia.xml,0
file_attributes.xml,0
file_base64gzip.xml,0
file_browser.xml,0
filebrowser.xml,1
filecache.xml,0
file_checker.xml,0
filecleaner.xml,0
file_compressor_field.xml,1
file_delete.xml,0
filedepot.xml,0
file_downloader.xml,0
file_download_token.xml,0
file_download_tracker.xml,0
file_download.xml,0
file_entity_reference_image_formatter.xml,0
filefield_embed_html.xml,0
filefield_paths.xml,0
filefield_sources_jsonapi.xml,0
filefield_sources.xml,0
filehash.xml,0
file_history.xml,0
file_image_formatter.xml,0
file_link.xml,0
filelist_formatter.xml,0
filelog.xml,0
file_management.xml,2
file_mdm.xml,0
filemime.xml,0
file_permissions.xml,0
file_processor.xml,0
file_replace.xml,0
file_table_formatter.xml,0
file_upload_secure_validator.xml,0
file_url.xml,0
file_utility.xml,0
file_version.xml,0
file_view_access.xml,0
fillpdf.xml,0
filterable_link.xml,0
filter_checkboxes.xml,0
filter_configs.xml,0
filter_field_list.xml,0
filter_form_values.xml,0
filter_perms.xml,0
filter_tooltips.xml,0
filter_transliteration.xml,0
filter_twig.xml,0
final_field.xml,0
financial.xml,0
find_external_links.xml,0
firebase.xml,0
first_module.xml,0
first_paragraph.xml,0
first_time_login.xml,0
fitbit.xml,0
fitvids.xml,0
fiu.xml,0
fixed_block_content.xml,0
fixed_path_alias.xml,0
fixed_text_email_formatter.xml,0
fixed_text_link_formatter.xml,0
fixed_translation_language_interface.xml,0
fixteaserlinks.xml,0
flag_anon.xml,0
flag_attendance_field.xml,0
flag_block.xml,0
flag_conditional_confirm.xml,0
flag_rating.xml,0
flag_stats.xml,0
flag.xml,0
flat_taxonomy.xml,0
flexfield.xml,0
flexible_daterange.xml,0
flexible_google_cse.xml,0
flexible_layout.xml,0
flexible_list.xml,0
flexiform.xml,0
flexi_magazine.xml,0
flexmail.xml,0
flexslider.xml,0
flickity.xml,0
flickr_api.xml,0
flickr_block.xml,0
flickr_stream.xml,0
flickr.xml,0
flipbook.xml,0
flipclock.xml,0
flipping_book.xml,1
flippy.xml,0
float_big.xml,0
floating_block.xml,0
floating_menu.xml,0
floating_social_icons.xml,0
float_labels.xml,0
flockler.xml,0
flood_bypass.xml,0
floodcontrol_settings_api.xml,0
flood_control.xml,0
flood_unblock.xml,0
flow_player_field.xml,0
fluidui.xml,0
flush_single_image.xml,0
flyout_menu.xml,0
flysystem_dropbox.xml,0
flysystem_gcs.xml,0
flysystem_oss.xml,0
flysystem_rackspace.xml,0
flysystem_sftp.xml,0
flysystem_swift.xml,0
flysystem.xml,2
flysystem_zip.xml,0
focal_point_focus.xml,0
focal_point.xml,0
foldershare_rest.xml,0
follow_unfollow.xml,0
follow.xml,0
fontawesome_iconpicker.xml,0
fontawesome_menu_icons.xml,0
font_awesome.xml,0
fontawesome.xml,0
font_field_icon.xml,0
font_resize.xml,0
fontyourface.xml,0
footable.xml,0
footermap.xml,0
footer_message.xml,0
footnotes.xml,0
force_file_delte.xml,0
force_users_logout.xml,0
forena.xml,0
forgot_password_block.xml,0
forgot_password.xml,0
forgot_username.xml,0
form_alter_service.xml,0
formassembly.xml,0
formatter_field.xml,0
formatter_suggest.xml,0
formatter_suite.xml,0
format_xml.xml,0
formazing.xml,0
formblock.xml,0
formdazzle.xml,0
form_delegate.xml,0
form_display_actions.xml,0
form_element_states.xml,0
formfactory.xml,0
form_fields_site_area.xml,0
form_fields_site.xml,0
form_field_type.xml,0
form_mode_control.xml,0
form_mode_field_extra.xml,0
form_mode_manager.xml,0
form_mode_routing.xml,0
form_options_attributes.xml,0
form_panel.xml,0
form_placeholder.xml,0
form_protect.xml,0
form_redirect.xml,0
form_save_state.xml,0
forms_steps.xml,0
formstack.xml,0
forms_to_email.xml,0
form_styler.xml,0
form_submission_timeout.xml,0
formtips.xml,0
form_to_email.xml,0
fortytwo_admin_toolbar.xml,0
fotorama_gallery.xml,0
foundation_layouts.xml,0
foundation_patterns_config.xml,0
foundation_sites.xml,0
fourxx_templates.xml,0
fpa.xml,0
frameprevention.xml,0
freegeoip_views.xml,0
freegeoip.xml,0
freelinking.xml,0
freshbooks.xml,0
freshchat.xml,0
freshdesk.xml,0
freshmail.xml,0
friendly_autocomplete.xml,0
friendship.xml,0
front.xml,0
fsa_api.xml,0
fullcalendar_api.xml,0
fullcalendar_library.xml,0
fullcalendar_view.xml,0
fullcontact.xml,0
fullmenu.xml,0
fullscreen_gallery.xml,0
fullscreen_modal.xml,0
function_filter.xml,0
funnel.xml,0
fusepump.xml,0
futurama.xml,0
fvm.xml,0
fz152.xml,0
ga_commerce.xml,0
gacsp.xml,0
galleryformatter.xml,0
galleryslider.xml,0
ga_login.xml,0
gamw.xml,0
ga_node_reports.xml,0
gapi.xml,0
ga_reports.xml,0
gareview.xml,0
ga_server_events.xml,0
gated_file.xml,0
gathercontent.xml,0
ga_webform.xml,0
ga.xml,0
gcal_entity.xml,0
gclient_storage.xml,0
gclient.xml,0
gcloud.xml,0
gcontact.xml,0
gd_header.xml,0
gdoc_field.xml,0
gdpr_compliance.xml,0
gdpr_tag_manager.xml,0
gdpr.xml,0
gdrp_compliance.xml,0
gender.xml,0
generate_errors.xml,0
generic_page.xml,0
geocoder_ajax_prepopulate.xml,0
geocoder_autocomplete.xml,0
geocoder.xml,0
geofield_map.xml,0
geofield_proximity_filter.xml,0
geoipapi.xml,0
geoip.xml,0
geolocation_2gis.xml,0
geolocation_address.xml,0
geolocation_arcgis.xml,0
geolocation_nominatim.xml,0
geolocationqueue.xml,0
geolocation_street_view.xml,0
geotimezone.xml,0
geshifilter.xml,0
get_a_quote.xml,0
getid3.xml,0
getjwtonlogin.xml,0
get_linkedin_posts.xml,0
get_node_img.xml,0
getresponse_forms.xml,0
getresponse.xml,0
get_tweets.xml,0
geysir.xml,0
ghostery.xml,0
gigya.xml,0
gist_embed.xml,0
git_deploy.xml,0
github_connect.xml,0
github_deploy.xml,0
github_issues.xml,0
git_info.xml,0
gitinfo.xml,0
git_issues.xml,0
gitlab_api.xml,0
gitlab_time_tracker.xml,0
git_tag.xml,0
gittest.xml,0
give_block.xml,0
give.xml,0
glazed_helper.xml,0
global_content.xml,0
globalredirect.xml,0
glossary.xml,0
glossify.xml,0
glyphicons.xml,0
gmail_contact.xml,0
gmap_polygon_field.xml,0
gmap_popup_styler.xml,0
gmap_static.xml,0
gmap_store_locator.xml,0
gnode_field.xml,0
gnu_terry_pratchett.xml,0
go_back.xml,0
golive.xml,0
google_adwords.xml,0
google_analytics_counter.xml,0
google_analytics_et.xml,0
google_analytics_light_report.xml,0
google_analytics_lite.xml,0
googleanalyticsmaster.xml,0
google_analytics_reports.xml,0
google_analytics_search_api_autocomplete.xml,0
google_analytics_vimeo.xml,0
google_analytics.xml,0
googleanalytics.xml,0
google_api_client.xml,0
google_books.xml,0
google_calendar.xml,0
google_crawl_errors.xml,0
google_cse.xml,0
google_currency_converter.xml,0
google_directions.xml,0
googledrive_doc_viewer.xml,0
google_feeds.xml,0
google_geochart.xml,0
google_hire.xml,0
google_image_sitemap.xml,1
google_kpis.xml,0
google_login.xml,0
googlelogin.xml,0
googlemap_block.xml,0
google_map_field.xml,0
googlemaps.xml,0
google_mybusiness_api.xml,0
google_nl_api.xml,0
google_nl_autotag.xml,0
google_one_tap.xml,0
google_optimize.xml,0
google_photos_api.xml,0
google_place_autocomplete.xml,0
google_places_api_autocomplete.xml,0
google_places_search_form.xml,0
google_plus_feeds.xml,0
google_plus_login.xml,0
google_qr_code.xml,0
google_scholar.xml,0
google_standout.xml,0
google_stt.xml,0
google_tag.xml,0
google_translator.xml,0
google_vision.xml,0
google_webfont_loader_api.xml,0
gopay.xml,0
gophish.xml,0
govcms_dlm.xml,0
govdelivery_bulletins.xml,0
govdelivery.xml,0
govready.xml,0
govuk_inline_form_errors.xml,0
govuk_notify.xml,0
govuk_webform_elements.xml,0
gpa_calculator.xml,0
gplus_comments_block.xml,0
gprofile.xml,0
gpx_track_elevation.xml,0
graphapi.xml,0
graph_phyz.xml,0
graphql_entity_definitions.xml,0
graphql_json.xml,0
graphql_metatag.xml,0
graphql_mutation.xml,0
graphql_redirect_entity.xml,0
graphql_redirect.xml,0
graphql_twig.xml,0
graphql_views.xml,0
graphql_xml.xml,0
graph_reference.xml,0
grassroot_interests.xml,0
gravatar.xml,0
greekstemmer.xml,0
green_button.xml,0
gridheightnormalizer.xml,0
gridstack_field.xml,0
gridstack.xml,0
grnhse.xml,0
grn.xml,0
groundhog_day.xml,2
group_behavior.xml,0
group_content_field.xml,0
group_extras.xml,0
group_forum.xml,0
group_mapping_from_node.xml,0
groupmediaplus.xml,0
groupmedia.xml,0
groupmenu.xml,0
group_purl.xml,0
group_taxonomy.xml,0
group_workflow.xml,0
group.xml,0
gsaml.xml,0
gsislogin.xml,0
gss.xml,0
gtm_datalayer.xml,0
gtm.xml,0
gtranslate.xml,0
guardian.xml,0
guardr_core.xml,0
guestbooks.xml,0
guest_invite.xml,0
guzzle_cache.xml,0
guzzle_oauth.xml,0
guzzlerestgenerator.xml,0
gzip_html.xml,0
h5p_analytics.xml,0
h5p.xml,0
habitat.xml,0
hacked.xml,1
hammerjs.xml,0
handsontable.xml,0
handsontable_yml_webform.xml,0
handy_cache_tags.xml,0
hangouts.xml,0
happy_new_year.xml,0
hashcash.xml,0
hash_tag_make.xml,0
hashtags.xml,0
hashtag_taxonomy_formatter.xml,0
hash_wrapper.xml,0
hax.xml,0
haystack.xml,0
hcaptcha.xml,0
head2head.xml,0
headbar.xml,0
header_and_footer_scripts.xml,0
header_field.xml,0
header_formatter.xml,0
heading.xml,0
headline_group.xml,0
headroomjs.xml,0
health_check_url.xml,0
health_check.xml,0
healthz_geocoder.xml,0
healthz.xml,0
heap_analytics.xml,0
heatmap_me.xml,0
hellosign.xml,0
helloworld_rest.xml,0
helloworld.xml,0
helpfulness.xml,0
help_text.xml,0
hero_video.xml,0
hexidecimal_color.xml,0
hhml.xml,0
hidden_language.xml,0
hidden_tab.xml,0
hide_all.xml,0
hideemail.xml,0
hide_file_tab.xml,0
hide_node_title.xml,0
hide_preview.xml,0
hide_revision_field.xml,0
hide_submit_d8.xml,0
hidey_help.xml,0
hierarchical_config.xml,0
hierarchical_multi_select.xml,0
hierarchical_taxonomy_menu.xml,0
hierarchical_term_formatter.xml,0
higgs.xml,0
high_contrast.xml,0
highlight_changes.xml,0
high_tax_terms.xml,0
hijri_format.xml,0
hipa.xml,0
hipchat.xml,0
hires_images.xml,0
hn.xml,0
hold_my_draft.xml,0
holiday_chart.xml,0
holmes.xml,0
homebox.xml,0
honeypot.xml,0
hook_manager.xml,0
hook_post_action.xml,0
hooks.xml,0
horizontal_scrolling_announcement.xml,0
horizontal_tabs.xml,0
hostip.xml,0
hotjar.xml,0
hotkeys_for_save.xml,0
hover_card.xml,0
hover_css.xml,0
hover_preview.xml,0
hp.xml,0
hreflang.xml,0
hsts.xml,0
htaccess.xml,0
hte.xml,0
hti.xml,0
html5history.xml,0
htmlawed.xml,0
html_field_formatter.xml,0
html_formatter.xml,0
html_importer.xml,0
htmlmail.xml,0
htmlpurifier.xml,0
html_titles.xml,0
http2_server_push.xml,0
http_auth.xml,0
httpbin.xml,0
http_cache_control.xml,0
http_client_error_status.xml,0
http_client_manager.xml,0
httpcsvalidation.xml,0
http_proxy.xml,0
http_queue.xml,0
http_response_headers.xml,0
hubspot_api.xml,0
hubspot_embed.xml,0
hubspot_forms.xml,0
human_decimal.xml,0
human.xml,0
hunt_and_peck.xml,0
hyphenator.xml,0
i18n_sso.xml,0
iban_validator.xml,0
ibm_watson.xml,0
ibpcatalog.xml,0
icecast_importer.xml,0
icecast.xml,0
icn.xml,0
icodes.xml,0
icon_field.xml,0
icon_select.xml,0
ics_field.xml,0
identification.xml,0
identify_ca.xml,0
idna.xml,0
idproof.xml,0
ie8.xml,0
ie9.xml,0
ief_popup.xml,0
ief_table_view_mode.xml,0
ife_transitions.xml,0
iframe_resizer.xml,0
iframe_title_filter.xml,0
igbinary.xml,0
igrowl.xml,0
ik_constant_contact.xml,0
ik_modals.xml,0
imageapi_optimize_resmushit.xml,0
imageapi_optimize_tinypng.xml,0
imageapi_optimize_way2enjoy.xml,0
imageapi_optimize.xml,1
image_approval.xml,0
image_background_formatter.xml,0
image_base64_formatter.xml,0
image_browser.xml,0
imagecache_external.xml,3
image_canvas_editor_api.xml,0
image_canvas_editor_minipaint.xml,0
image_catcher.xml,0
image_class.xml,0
image_compression.xml,0
image_delta_formatter.xml,0
image_dimension_generator.xml,0
image_edit.xml,0
image_export_import.xml,0
image_field_360.xml,0
imagefield_default_alt_and_title.xml,0
imagefield_eps.xml,1
image_field_repair.xml,0
imagefield_slideshow.xml,0
image_field_tokens_d8.xml,0
imagefield_tokens.xml,0
imagefieldzoom.xml,0
image_format_cover.xml,0
image_formatter_link_to_image_style.xml,0
image_hotspots.xml,0
image_hover_effects.xml,0
image_lazy_loader.xml,0
image_link_attributes.xml,0
image_link.xml,0
imagemagick.xml,0
image_max_size_crop.xml,0
image_moderate.xml,0
imagepin.xml,0
image_plus.xml,0
image_popup.xml,0
image_properties.xml,0
imageproperty_check.xml,0
image_raw_formatter.xml,0
image_replace.xml,0
image_resize_filter_extend.xml,0
image_resize_filter.xml,0
imager.xml,0
image_scale_and_crop_without_upscale.xml,0
image_sizes.xml,0
image_slider.xml,0
image_slideshow_sync.xml,0
images_migration.xml,0
images_optimizer.xml,0
image_srcset_formatter.xml,0
image_style_dynamic.xml,0
image_style_lifestyle.xml,0
image_style_quality.xml,0
image_styles_16_9.xml,0
image_styles_mapping.xml,0
image_style_uri.xml,0
image_style_warmer.xml,0
image_tagger.xml,0
image_tools.xml,0
image_url_formatter.xml,0
image_widget_crop.xml,0
image_with_title.xml,0
imagezoom.xml,0
imagick.xml,2
imagilicious.xml,0
imce_private.xml,0
imce_rename_plugin.xml,0
ime.xml,0
img_annotator.xml,0
imgix.xml,0
imgproxy.xml,0
imgur.xml,0
imoprted_medium_articles.xml,0
impliedconsent.xml,0
import_through_csv.xml,0
import.xml,0
improved_multi_select.xml,0
improvements.xml,0
inactive_autologout.xml,0
include.xml,0
indeed_search.xml,0
indic_script.xml,0
infobar.xml,0
info_messages.xml,0
inherit_link.xml,0
inline_ad_entity.xml,0
inline_entity_form_preview.xml,0
inline_entity_form.xml,0
inline_entity_revision_form.xml,0
inline_formatter_field.xml,0
inline_image_attach.xml,0
inline_image_to_field.xml,0
inlinejs.xml,0
inline_responsive_images.xml,0
inmail_user.xml,0
input_reset.xml,0
insert_view_adv.xml,0
insert_view.xml,0
inspectlet.xml,0
inspect.xml,0
instafeedjs.xml,0
instagram_api.xml,0
instagram_block.xml,0
instagram_display.xml,0
instagramfeed.xml,0
instagram_field.xml,0
instagram_formatter.xml,0
instagram_hashtag_fetcher.xml,0
instagram_importer.xml,0
instagram_without_api.xml,0
install_profile_generator.xml,0
instant_solr_index.xml,0
instapage_cms_plugin.xml,0
instapage.xml,0
instawidget.xml,0
integer_to_decimal.xml,0
integration.xml,0
integro.xml,0
intelligent_tools.xml,0
intense.xml,0
intercept.xml,0
intercom.xml,0
interface_string_stats.xml,0
interkassa_payment.xml,0
international_phone.xml,0
interval.xml,0
intlinks.xml,0
invitereferrals.xml,0
invite.xml,0
invoice_agent.xml,0
iots.xml,0
ip2country.xml,0
ip_anon.xml,0
ip_consumer_auth.xml,0
ipfs_backend.xml,0
ip_language_negotiation.xml,0
ipless.xml,1
ip_lookup.xml,0
ipma_weather.xml,0
ipstack.xml,0
ipsum.xml,0
ips.xml,0
iptc_media.xml,0
ipv6_greeter.xml,0
iransans.xml,0
isbn.xml,0
isfield.xml,0
is_hacked.xml,0
islandora_defaults.xml,0
isotope.xml,0
issuu_viewer.xml,0
itchio_field.xml,0
itemsessionlock.xml,0
iubenda_integration.xml,0
iu_paragraphs.xml,0
ivw_integration.xml,0
iyo.xml,0
janrain_capture.xml,0
janrain_connect.xml,0
japan_postal_code.xml,0
jasm.xml,0
javascript_libraries.xml,0
jcarousel.xml,0
jeditable.xml,0
ji_quickbooks.xml,0
jira_rest.xml,0
jmol.xml,0
jms_serializer.xml,0
job_scheduler.xml,0
joomla_migrate.xml,0
jqcloud.xml,0
jqplot.xml,0
jquery_carousel.xml,0
jquery_countdown_timer.xml,0
jquery_dollar.xml,0
jquery_matchheight.xml,0
jquery_migrate.xml,0
jquery_minicolors.xml,0
jquery_social_stream.xml,0
jquery_touch_swipe.xml,0
jqueryui_field.xml,0
jquery_ui_filter.xml,0
jquery_ui_multiselect_widget.xml,0
jquery_view_ticker.xml,0
js_bp.xml,0
js_component.xml,0
js_confirm_pop_up.xml,0
js_disclaimer.xml,0
jsld.xml,0
js_management.xml,0
js_manager.xml,0
jsnippet.xml,0
jsnlog.xml,0
jsonapi_aliases.xml,0
jsonapi_boost.xml,0
jsonapi_defaults.xml,0
jsonapi_example.xml,0
jsonapi_explorer.xml,0
jsonapi_flysystem_uploader.xml,0
jsonapi.xml,0
jsonb.xml,0
json_editor.xml,0
json_feed.xml,0
json_field.xml,0
json_form_editor.xml,0
json_form.xml,0
json_ld_schema.xml,0
jsonlog.xml,0
jsonp_sparql.xml,0
jsonrpc.xml,0
json_scanner_block.xml,0
jspane.xml,0
js_sha.xml,0
jssor.xml,0
jstimer.xml,0
jstree_menu.xml,0
juicebox.xml,0
juicerio.xml,0
jumper.xml,0
jump_menu.xml,0
junk_test_project.xml,0
just_giving.xml,0
jvector.xml,0
jwplayer_report.xml,0
jw_player.xml,0
jwt.xml,0
kafka.xml,0
kalastatic.xml,0
kayak_integration.xml,0
kb.xml,0
keep_referenced_entities.xml,0
key_auth.xml,0
keycdn.xml,0
keycloak.xml,0
key_value_field.xml,0
keyvalue_ui.xml,0
key_value.xml,0
key.xml,0
killadblock.xml,0
kits.xml,0
kiyoh_klantenvertellen_data_provider.xml,0
klaviyo_subscription.xml,0
kliens.xml,0
klipfolio_field.xml,0
kml.xml,0
koality_layout_builder_layouts.xml,0
koban.xml,0
konamicode.xml,0
kong.xml,0
kplatforms.xml,0
kraken.xml,0
kss.xml,0
kudos_slider.xml,0
l10n_client.xml,0
l10n_update_bundled.xml,0
labelauty.xml,0
label_help.xml,0
label_length_limit.xml,0
lagoon_logs.xml,0
landing_page.xml,0
landingpage.xml,0
lang_dropdown.xml,0
lang_prompt.xml,0
lang_switch_as_per_browser_lang.xml,0
language_access.xml,0
language_code_formatter.xml,0
language_combination.xml,0
language_cookie.xml,0
language_display.xml,0
language_fallback.xml,0
languagefield.xml,0
language_hierarchy.xml,0
language_html5_validation.xml,0
languageicons.xml,0
language_key_value.xml,0
language_negotiator_content_entity_all_routes.xml,0
language_neutral_aliases.xml,0
languages_dropdown.xml,0
language_selection_page.xml,0
language_switcher_extended.xml,0
lang.xml,0
laravel_helpers.xml,0
last_login.xml,0
last_tweets.xml,0
latex.xml,0
layout_blocks.xml,0
layout_builder_at.xml,0
layout_builder_enhancer.xml,0
layout_builder_extras.xml,0
layout_builder_modal.xml,0
layout_builder_styles.xml,0
layout_cf.xml,0
layout_config_block.xml,0
layout_disable.xml,0
layout_discovery_override.xml,0
layouter.xml,0
layout_extra.xml,0
layout_kit.xml,0
layout_library.xml,0
layout_node_reference.xml,0
layout_per_node.xml,0
layout_plugin_views.xml,0
layout_plugin.xml,0
layouts.xml,0
lazy_config_form.xml,0
lazy_image_style.xml,0
lazyload_images.xml,0
lazy.xml,0
lb_section_navigation.xml,0
lcache.xml,0
ldadmin.xml,0
ldap_auth.xml,0
ldap_search.xml,0
ldap_sso.xml,0
ldap.xml,0
ld.xml,0
leadboxer.xml,0
leading_zeros_formatter.xml,0
leaflet_awmc.xml,0
leaflet_countries.xml,0
leaflet_maptiler.xml,0
leaflet_markercluster.xml,0
leaflet_topojson.xml,0
leaflet_views_ajax_popup.xml,0
leaflet_widget.xml,0
leaflet.xml,0
league_oauth_login_bitbucket.xml,0
league_oauth_login_slack.xml,0
leaner_toolbar.xml,0
ledger.xml,0
left_pad.xml,0
legacy_redirect.xml,0
legal.xml,0
length_indicator.xml,0
lesser_forms.xml,0
letsencrypt.xml,0
letter_avatar.xml,0
lgp.xml,0
libphonenumber.xml,0
libraries_debug.xml,0
libraries_in_profiles.xml,0
libraries_provider.xml,0
libraries.xml,0
library_pack.xml,0
library.xml,0
librejs.xml,0
ligalegendas.xml,0
lightfoot.xml,0
lightgallery.xml,0
lightning_a11y.xml,0
lightning_api.xml,0
lightning_core.xml,0
lightning_layout.xml,0
lightning_media_d500px.xml,0
lightning_media_facebook.xml,0
lightning_media_flickr.xml,0
lightning_media_googledocs.xml,0
lightning_media_spotify.xml,0
lightning_media_tumblr.xml,0
lightning_media_video_file.xml,0
lightning_media.xml,0
lightning_workflow.xml,0
lightspeed_ecom.xml,0
like_and_dislike.xml,0
likeit.xml,0
limit_domain_access_by_role.xml,0
limited_field_widgets.xml,0
linenumbers.xml,0
line.xml,0
lingotek_comment_profile.xml,0
link_attributes.xml,0
linkback.xml,0
link_badges.xml,0
linkchecker.xml,0
link_class_widget.xml,0
link_class.xml,0
link_css.xml,0
linked_field.xml,0
linkedin_insights_tag.xml,0
linkedinlogin.xml,0
linkedin_oauth.xml,0
link_field_autocomplete_filter.xml,0
link_field_display_mode_formatter.xml,0
link_formatter_query_fix.xml,0
link_formatter.xml,0
link_header_pager.xml,0
linkicon.xml,0
link_iframe_formatter.xml,0
linkit_media_file_direct.xml,0
linkit_widget.xml,0
linklay.xml,0
link_list.xml,0
link_partners.xml,0
link_plain_text_formatter.xml,0
link_popup.xml,0
link_short.xml,0
link_socicon.xml,0
link_target.xml,0
link_title_formatter.xml,0
link_to_entity.xml,0
link_trail_by_path.xml,0
lionbridge_translation_provider.xml,0
liqpay_payment.xml,0
list_formatter.xml,0
listjs.xml,0
lite.xml,0
little_bobby_tables .xml,0
little_bobby_tables.xml,0
liveblog .xml,0
liveblog.xml,0
live_chat_for_drupal .xml,0
live_chat_for_drupal.xml,0
live_chat_slack.xml,0
livechat.xml,0
live_content.xml,0
livehelperchat .xml,0
livehelperchat.xml,0
live_person.xml,0
livereload .xml,0
livereload.xml,0
live_weather.xml,0
living_style_guide.xml,0
ll.xml,0
loading_animation.xml,0
loading_bar.xml,0
locale_tamper .xml,0
locale_tamper.xml,0
local_translation.xml,0
locationmap .xml,0
locationmap.xml,0
location_selector.xml,0
locker .xml,0
locker.xml,0
lock_field_values .xml,0
lock_field_values.xml,0
lodash.xml,0
loft_data_grids.xml,0
log_entity_operations.xml,0
log_entity.xml,0
loggable.xml,0
loggedin_users_list.xml,0
login_alert.xml,0
login_by.xml,0
login_destination .xml,0
login_destination.xml,0
login_disable.xml,0
login_emailusername.xml,0
login_frequency.xml,0
login_history.xml,0
login_notification.xml,0
login_onlyemail.xml,0
login_popup.xml,0
login_redirect_per_role.xml,0
login_redirect_to_front.xml,0
login_redirect .xml,0
login_redirect.xml,0
login_register_path.xml,0
login_security.xml,0
login_switch.xml,0
login_tracker.xml,0
logman.xml,0
log_monitor.xml,0
logout_redirect.xml,0
logouttab.xml,0
logs_http.xml,0
log_stdout.xml,0
log.xml,0
lol.xml,0
look.xml,0
loopit.xml,1
lopd.xml,0
loqate.xml,0
loremipsum.xml,0
loyalist .xml,0
loyalist.xml,0
lp_fontawesome .xml,0
lp_fontawesome.xml,0
ludwig .xml,1
ludwig.xml,1
lunr .xml,1
lunr.xml,1
lupus_taxonomy_import.xml,0
lw_groups.xml,0
m200wad_api.xml,0
m4032404.xml,0
machine_name_widget.xml,0
machine_name.xml,0
machine .xml,0
machine.xml,0
madness .xml,0
madness.xml,0
magicblocks.xml,0
magic_theme.xml,0
magnific_popup.xml,0
mailboxlayer.xml,0
mailcamp.xml,0
mailchimp_newsletter_campaign.xml,0
mailchimp_popup_block .xml,0
mailchimp_popup_block.xml,0
mailchimp_signup.xml,0
mailchimp_simple_signup.xml,0
mail_control.xml,0
mailcontrol.xml,0
mail_edit.xml,0
mail_entity_queue .xml,0
mail_entity_queue.xml,0
mailgun .xml,0
mailgun.xml,0
mailhandler.xml,0
mailing_list .xml,0
mailing_list.xml,0
mailjet_api.xml,0
mailjet_sign_up .xml,0
mailjet_sign_up.xml,0
mail_login.xml,0
maillog.xml,0
mailman_integration.xml,0
mailme.xml,0
mailmute.xml,0
mail_redirect.xml,0
mail_safety.xml,0
mailsystem .xml,0
mailsystem.xml,0
mail.xml,0
maintenance_exempt.xml,0
maintenance_mode_redirect.xml,0
maintenance_notifications.xml,0
makeclassy.xml,0
mam.xml,0
manage_display .xml,0
manage_display.xml,0
mandrill.xml,0
mapbox_gl.xml,0
mapbox_ui.xml,0
map_object_field.xml,0
mappy.xml,0
mapsblock .xml,0
mapsblock.xml,0
map_widget .xml,0
map_widget.xml,0
mapycz.xml,0
markaspot_map .xml,0
markaspot_map.xml,0
markaspot_open311.xml,0
markaspot_open311 .xml,0
markdown .xml,0
markdown.xml,0
marketo_form_field.xml,0
marketo_forms.xml,0
marketo_subscribe.xml,0
markjs_search.xml,0
markup_field.xml,0
markup_twig.xml,0
markup.xml,0
marquee .xml,0
marquee.xml,0
masked_input.xml,0
masked_output.xml,0
mask_user_data.xml,0
mask.xml,0
masonry_search.xml,0
masonry_view_style.xml,0
masonry_views.xml,0
masonry.xml,0
mason.xml,0
masquerade_float_block.xml,0
masquerade_nominate.xml,0
masquerade .xml,0
masquerade.xml,0
mass_pwreset.xml,0
material_admin_support.xml,0
materialize_datetime_picker.xml,0
math_field.xml,0
mathjax.xml,0
mathoperation.xml,0
matomo_reporting_api.xml,0
matrix.xml,0
mattermost_integration.xml,0
mautic_api.xml,0
mautic.xml,0
max_cdn_cache.xml,0
maxlength.xml,0
mbat.xml,0
mdevel.xml,0
md_fontello.xml,0
md_site_verify.xml,0
measuremail.xml,0
medf.xml,0
media_attribution.xml,0
media_avportal.xml,0
media_bulk_upload.xml,0
media_download_all.xml,0
mediaelement.xml,0
media_entity_audio.xml,0
media_entity_bulk_upload.xml,1
media_entity_carto.xml,0
media_entity_consent.xml,0
media_entity_d500px.xml,0
media_entity_dreambroker.xml,1
media_entity_facebook.xml,0
media_entity_flickr.xml,0
media_entity_generic.xml,0
media_entity_gist.xml,0
media_entity_image_exif.xml,0
media_entity_instagram.xml,0
media_entity_issuu.xml,0
media_entity_libsyn.xml,0
media_entity_pinterest.xml,0
media_entity_read_more.xml,0
media_entity_slideshare.xml,0
media_entity_slideshow.xml,0
media_entity_smugmug.xml,0
media_entity_soundcloud.xml,0
media_entity_threejs.xml,0
media_entity_tumblr.xml,0
media_entity_twitter.xml,0
media_entity_usage.xml,0
media_entity_video.xml,0
media_entity.xml,0
media_expire_email.xml,0
media_expire.xml,0
media_feeds.xml,0
media_field_formatters.xml,0
media_gallery.xml,0
media_glue.xml,0
media_imagick.xml,0
media_jove.xml,0
media_lazy_load_formatter.xml,0
media_library_edit.xml,0
media_migration.xml,0
media_oembed_control.xml,0
media_pdf_thumbnail.xml,0
media_pinkeye.xml,0
media_private_access.xml,0
media_responsive_thumbnail.xml,0
media_skyfish.xml,0
media_taxonomy_filter.xml,0
media_unique.xml,0
media_upload.xml,0
media_view_addons.xml,0
media_watermark.xml,0
mediawiki_api.xml,0
media.xml,0
medium_posts.xml,0
medium.xml,0
member_info.xml,0
membership.xml,0
memcache_status.xml,0
memcache_storage.xml,0
memcache.xml,0
memory_limit_policy.xml,0
memory_profiler.xml,0
memsource_connector.xml,0
menu_admin_per_menu.xml,0
menu_attributes.xml,0
menu_badges.xml,0
menu_block_current_language.xml,0
menu_block_title.xml,0
menu_block.xml,0
menu_breadcrumb.xml,0
menu_bullet_info.xml,0
menu_child_item.xml,0
menu_condition.xml,0
menu_css_names.xml,0
menu_custom_access.xml,0
menu_delete.xml,0
menu_entity_index.xml,0
menu_file.xml,0
menu_firstchild.xml,0
menu_force.xml,0
menu_formatter.xml,0
menu_item_extras.xml,0
menu_item_fields.xml,0
menu_item_limit.xml,0
menu_item_role_access.xml,0
menu_item_visibility.xml,0
menu_link_attributes.xml,0
menu_link_clone.xml,0
menu_link_config.xml,0
menu_link_content_fields.xml,0
menu_link_content_visibility.xml,0
menu_link_highlight.xml,0
menu_link_modal.xml,0
menu_link_weight.xml,0
menu_manipulator_sitemap.xml,0
menu_manipulator.xml,0
menu_markup.xml,0
menumatic.xml,0
menu_megadrop.xml,0
menu_normalizer.xml,0
menu_notifications.xml,0
menu_pager.xml,0
menu_per_role.xml,0
menu_per_user.xml,0
menu_position.xml,0
menu_reference_render.xml,0
menus_attribute.xml,0
menu_select.xml,0
menu_svg_icons.xml,0
menu_target.xml,0
menu_title_length.xml,0
menu_token.xml,0
menu_trail_by_path.xml,0
menu_twig.xml,0
menu_views.xml,0
me_redirect.xml,0
merge_translations.xml,0
mespronos.xml,0
message_banner.xml,0
messagebird.xml,0
message_broker_8.xml,0
messageclose.xml,0
message_history.xml,0
message_notify_slack.xml,0
message_notify.xml,0
message_private.xml,0
message_subscribe.xml,0
message_thread_history.xml,0
message_thread.xml,0
message_time_interval.xml,0
message_time.xml,0
message_ui.xml,0
message.xml,0
metals_api.xml,0
meta_position.xml,0
metatag_current_page_title_override.xml,0
metatag_google_scholar.xml,0
metatag_head_title.xml,0
metatag_routes.xml,0
metatag_user_role.xml,0
mfd.xml,0
mgv.xml,0
micro_contact.xml,0
microformats.xml,0
micro_menu.xml,0
micro_node.xml,0
micro_path.xml,0
micro_simple_sitemap.xml,0
micro_sitemap.xml,0
micro_site.xml,2
microsoft_translator_api.xml,0
microspid.xml,0
micro_sso.xml,0
micro_taxonomy.xml,0
micro_user.xml,0
migrate_api.xml,0
migrate_body.xml,0
migrate_cron.xml,0
migrate_default_content.xml,0
migrate_devel.xml,0
migrate_directory.xml,0
migrate_drupal_d8.xml,0
migrate_drush.xml,0
migrate_file_to_media.xml,0
migrate_file.xml,0
migrate_gathercontent.xml,0
migrate_google_sheets.xml,0
migrate_hierarchical_taxonomy.xml,0
migrate_html_to_paragraphs.xml,0
migrate_islandora_csv.xml,0
migrate_joomla.xml,0
migrate_json_source.xml,0
migrate_manifest.xml,0
migrate_override.xml,0
migrate_plugins.xml,0
migrate_plus.xml,0
migrate_process_extras.xml,0
migrate_process_extra.xml,0
migrate_process_inline_images.xml,0
migrate_process_lowercamelcase.xml,0
migrate_process_regex.xml,0
migrate_process_s3.xml,0
migrate_process_skip.xml,0
migrate_process_trim.xml,0
migrate_process_url.xml,0
migrate_process_vardump.xml,0
migrate_process_xml.xml,0
migrate_qa.xml,0
migrate_recurring_import.xml,0
migrate_report.xml,0
migrate_run.xml,0
migrate_scheduler.xml,0
migrate_social.xml,0
migrate_source_csv.xml,0
migrate_source_directory.xml,0
migrate_source_ical.xml,0
migrate_source_jcr.xml,0
migrate_source_jsonpath.xml,0
migrate_source_json.xml,0
migrate_source_xls.xml,0
migrate_source_yaml.xml,0
migrate_source_yml.xml,0
migrate_spreadsheet.xml,0
migrate_sql_subrow.xml,0
migrate_staging_table.xml,0
migrate_tools.xml,0
migrate_ui.xml,0
migrate_upgrade.xml,0
mimedetect.xml,0
mimeinfo.xml,0
mimemail.xml,0
minesweeper.xml,0
minifier_html.xml,0
minifyhtml.xml,0
minifyjs.xml,0
minimalhtml.xml,0
minimal_register.xml,0
minimal_share.xml,0
minimum_cardinality_required.xml,0
miniorange_oauth_client.xml,0
minisite.xml,0
mirador.xml,0
missplete.xml,0
missyou.xml,0
mixitup_views.xml,0
mktcnnt.xml,0
mmenu_simple.xml,0
mmeu.xml,0
mmf_core_fields.xml,0
mmf_field_collection.xml,0
mm_mobile_phone.xml,0
mmu.xml,0
mobile_app_links.xml,0
mobile_detect.xml,0
mobiledetect.xml,0
mobile_device_detection.xml,0
mobile_js_redirect.xml,0
mobile_navigation.xml,0
mobile_switch_varnish.xml,0
mob_queue.xml,0
modal_blocks.xml,0
modal_config.xml,0
modal_field_formatter.xml,0
modal_page.xml,0
modal_widget.xml,0
moderate_mmenu.xml,0
moderation_dashboard.xml,0
moderation_note.xml,0
moderation_scheduler.xml,0
moderation_sidebar.xml,0
moderation_state_buttons_widget.xml,0
moderation_state_columns.xml,0
moderation_state_permissions.xml,0
modifiers_pack.xml,0
modifiers.xml,0
module_blacklist.xml,0
module_builder.xml,0
module_checkbox_clean.xml,0
module_conditions.xml,0
module_config_delete.xml,0
module_export.xml,1
module_filter.xml,0
module_maker.xml,0
module_missing_message_fixer.xml,0
module_permissions.xml,0
module_status.xml,0
modules_weight.xml,0
mollie_payment.xml,0
moltinapi.xml,0
moment.xml,0
monetization_placements.xml,0
mongodb_indexer.xml,0
mongodb.xml,0
mongosync.xml,0
monitoring_icinga.xml,0
monitoring_logging.xml,0
monkey.xml,0
monolog_dblog.xml,0
monolog_gelf.xml,0
monolog.xml,0
month_year.xml,0
moodle_sso.xml,0
moon_phases.xml,0
more_filters.xml,0
morse.xml,0
mortgage_calculator.xml,0
mothermayi.xml,0
mouseover_detect.xml,0
mq.xml,0
ms_ajax_form_example.xml,0
ms_commerce_saman.xml,0
ms_react.xml,0
multicolumn.xml,0
multi_domain_robotstxt.xml,0
multi_domain_xmlsitemap.xml,0
multiline_config.xml,0
multilingual_login_redirect.xml,0
multilingual_menu_urls.xml,0
multilingual_revisions_helper.xml,0
multi_node_add.xml,0
multiple_definition_files.xml,0
multiple_fields_remove_button.xml,0
multiple_recaptcha.xml,0
multiple_registration.xml,0
multiple_selects.xml,0
multiple_select.xml,0
multiple_sitemap.xml,0
multiselect.xml,0
multi_site_configuration.xml,0
multisite_solr_search.xml,0
multisite_user_register.xml,0
multistepform.xml,0
multistep_submit.xml,0
multi_text.xml,0
multivalue_field_restriction.xml,0
multivaluefield.xml,0
multiversion_sequence_filter.xml,0
mutli_step_login.xml,0
mutual_credit.xml,0
muuri.xml,0
myadmin_toolbar.xml,0
myamazon.xml,0
myjdownloader.xml,0
mynotes.xml,0
mytube.xml,0
nagios.xml,0
nameday.xml,0
naming.xml,0
napriority.xml,0
nasa_apod.xml,0
nasa.xml,0
nativo.xml,0
navbar_awesome.xml,0
navbar_filter.xml,0
navigation404.xml,0
navigation_blocks.xml,0
navigation_timing.xml,0
nbg_currency.xml,0
nbsp.xml,0
nearby_places_search.xml,0
nearplace.xml,0
nebula_editor.xml,0
neo4j_visualizer.xml,0
neo4j.xml,0
nepali_calendar.xml,0
ner_import.xml,0
ner.xml,0
nested_grafs.xml,0
nested_permission.xml,0
netauth.xml,0
netlify_webhooks.xml,0
netlify.xml,0
nettybot.xml,0
neutral_paths.xml,0
new_relic_rpm.xml,0
news_cards.xml,0
newsletter_digest.xml,0
newslettersignup.xml,0
nextpreviouslink.xml,0
nextpre.xml,0
nexx_integration.xml,0
nginx_cache_clear.xml,0
nginx.xml,0
ng_lightbox.xml,0
nice_imagefield_widget.xml,0
nice_login.xml,0
nice_menus.xml,0
nicemessages.xml,0
nimbus.xml,0
nitty_tools.xml,0
no_admin_destination_redirect.xml,0
no_autocomplete.xml,0
nobounces.xml,0
nocaptcha_recaptcha.xml,0
no_concurrent_video.xml,0
nocurrent_pass.xml,0
node_access_field.xml,0
node_access_grants.xml,0
node_accessibility.xml,0
node_access_rebuild_progressive.xml,0
node_access_timestamp_by_user.xml,0
nodeaccess.xml,0
node_action_log.xml,0
node_alias_history.xml,0
node_authlink.xml,0
node_boolean.xml,0
node_class.xml,0
node_count.xml,0
node_delete_redirect.xml,0
node_detail_view.xml,0
node_display_title.xml,0
node_edit_protection.xml,0
node_edit_redirect.xml,0
node_expire.xml,0
node_form_api_fields.xml,0
node_form_templates.xml,0
nodeify.xml,0
nodejs.xml,0
node_keep.xml,0
node_layout_builder.xml,0
nodeletter.xml,0
node_like_dislike_field.xml,0
node_link_report.xml,0
node_manager.xml,0
node_menus.xml,0
nodeorder.xml,0
nodeownership.xml,0
node_paypal_payment.xml,0
nodequeue_migrate.xml,0
node_read_time.xml,0
node_revision_delete.xml,0
node_revisions_autoclean.xml,0
node_save_redirect.xml,0
nodes_csv_import.xml,0
node_subscription.xml,0
node_subs.xml,0
node_template_selector.xml,0
node_title_help_text.xml,0
node_title_ps.xml,0
node_title_validation.xml,0
node_type_class.xml,0
node_type_count.xml,0
node_types_toolbar.xml,0
nodeviewcount.xml,0
node_view_language_permissions.xml,0
node_view_permissions.xml,0
node_view_published_override.xml,0
node_view_redirect.xml,0
node_weight.xml,0
no_field_markup.xml,0
nofollowlist.xml,0
noindex.xml,0
nominatim_geocoder.xml,0
nonautocomplete.xml,0
no_nbsp.xml,0
none_title.xml,0
noopener_filter.xml,0
nopremium.xml,0
noreferrer.xml,0
noreqnewpass.xml,0
normalize_address.xml,0
norwegian_id.xml,0
noscript_tag.xml,0
nothing.xml,0
notificationswidget.xml,0
notification.xml,0
notify_entity.xml,0
notify_log.xml,0
notify_to_slack.xml,0
notify.xml,0
noughts_and_crosses.xml,0
npm.xml,0
nsw_feedback.xml,0
null_auth.xml,0
null_user.xml,0
null.xml,0
number_formatter.xml,0
number_to_word.xml,0
nutrition_label.xml,0
nws_weather.xml,0
nys_unav.xml,0
o3_cli_services.xml,0
oauth2_client.xml,0
oauth2_jwt_sso.xml,0
oauth2_server.xml,0
oauth2.xml,0
oauth_login_oauth2.xml,0
oauth.xml,0
obfuscate_email.xml,0
obfuscate.xml,0
obfuscator.xml,0
object_log.xml,0
oct.xml,0
odata_client.xml,0
odoo.xml,0
oembed.xml,0
ofd_ferma.xml,0
ofed_switcher.xml,0
official_docs.xml,0
officialfacebookpixel.xml,0
ogd.xml,0
oh.xml,0
oiljs.xml,0
okta_api.xml,0
okta_saml.xml,0
okta.xml,0
olark.xml,0
omeda_customers.xml,0
omeda_subscriptions.xml,0
omeda.xml,0
om_maps.xml,0
om_maximenu.xml,0
omnipay.xml,0
om_subthemer.xml,0
om_tools.xml,0
onehub.xml,0
onelogin_integration.xml,0
onepass.xml,0
onepilot.xml,0
onesignal.xml,0
one_time_link.xml,0
onetimeloginlink.xml,0
one_time_password.xml,0
onix_codelists_client.xml,0
onlinepbx.xml,0
onlyone.xml,0
onomasticon.xml,0
onpage_external_libraries.xml,0
on_page_site_search.xml,0
ontology.xml,0
oomph_paragraphs.xml,0
oop_design_patterns.xml,0
oop_examples.xml,0
oop_forms.xml,0
ooyala.xml,0
opcachectl.xml,0
opcache_gui.xml,0
openam_api.xml,0
openapi_ui_redoc.xml,0
openapi_ui_swagger.xml,0
openapi_ui.xml,0
openapi.xml,0
open_badges.xml,0
openbusiness.xml,0
opencalais_ui.xml,0
openfed_social.xml,0
open_graph_comments.xml,0
opengraph_filter.xml,0
openid_connect_windows_aad.xml,0
openid_connect.xml,0
openid_openid_connect_migrate.xml,0
openidurl.xml,0
openimmo.xml,0
openmeetings.xml,0
open_platform.xml,0
openportal_core.xml,0
open_readspeaker.xml,0
openstack_queues.xml,0
openstat.xml,0
openstory.xml,0
open_summary.xml,0
openweather.xml,0
operations_field.xml,0
opigno_calendar_event.xml,0
opigno_calendar.xml,0
opigno_catalog.xml,0
opigno_certificate.xml,0
opigno_class.xml,0
opigno_commerce.xml,0
opigno_dashboard.xml,0
opigno_forum.xml,0
opigno_group_manager.xml,0
opigno_ilt.xml,0
opigno_learning_path.xml,0
opigno_messaging.xml,0
opigno_mobile_app.xml,0
opigno_moxtra.xml,0
opigno_notification.xml,0
opigno_scorm.xml,0
opigno_search.xml,0
opigno_statistics.xml,0
opigno_tincan_api.xml,0
opigno_tour.xml,0
opigno_wt_app.xml,0
opquast_checklist.xml,0
ops.xml,0
optimizedb.xml,0
optimizely.xml,0
optional_end_date.xml,0
options_table.xml,0
options_widget_placeholder.xml,0
optit.xml,0
orcid.xml,0
ordered_list.xml,0
orders.xml,0
orgmode.xml,0
oss_drupal.xml,0
other_view_filter.xml,0
otl_logout.xml,0
otp_login.xml,0
otp_sms.xml,0
ot.xml,0
outdatedbrowser.xml,0
outlayer.xml,0
outline.xml,0
outlook_calendar.xml,0
outvoice.xml,0
ova.xml,0
overlay_panel.xml,0
override_node_options.xml,0
overview_field.xml,0
ovh.xml,0
owasp_compliant_login_velocity_check.xml,0
owlcarousel2.xml,0
owlcarousel.xml,0
owms.xml,0
owner_or_admin.xml,0
owntracks.xml,0
pace.xml,0
pach.xml,0
packages.xml,0
packaging.xml,0
packery.xml,0
pactometroeleccion.xml,0
pagarme.xml,0
page_access_user_data_timestamp.xml,0
page_access.xml,0
page_attributes.xml,0
pagebreak.xml,0
page_cache_dnt_aware.xml,0
pagecss.xml,0
page_hits.xml,0
page_load_progress.xml,0
page_manager_search.xml,0
page_manager.xml,0
page_menu_reorder.xml,0
page_message.xml,0
pagerer.xml,0
pager_for_content_type.xml,0
pager.xml,0
page_specific_class.xml,0
pages_restriction.xml,0
page_title_visibility.xml,0
pagetree.xml,0
page_url_qr_code_block.xml,0
pagination_page_titles.xml,0
paldesk.xml,0
panelbutton.xml,0
panelizer_variants.xml,0
panelizer.xml,0
panels_bootstrap_layouts.xml,0
panels_breadcrumbs.xml,0
panels_pane_report.xml,0
panels_rest_expose.xml,0
panel.xml,0
pankm_chart.xml,0
panopoly_core.xml,0
panopoly_demo.xml,0
panopoly_images.xml,0
panopoly_media.xml,0
panopoly_pages.xml,0
panopoly_theme.xml,0
panopoly_users.xml,0
panopoly_widgets.xml,0
panopoly_wysiwyg.xml,0
parade.xml,0
paragraph_force_remove.xml,0
paragraph_handler.xml,0
paragraphs_access.xml,0
paragraphs_accordion.xml,0
paragraphs_admin.xml,0
paragraphs_asymmetric_translation_widgets.xml,0
paragraphs_base.xml,0
paragraphs_bootstrap_layouts.xml,0
paragraphs_browser_previewer.xml,0
paragraphs_button.xml,0
paragraphs_class.xml,0
paragraphs_clean.xml,0
paragraphs_collapsible.xml,0
paragraphs_collection_bootstrap.xml,0
paragraphs_collection.xml,0
paragraphs_content.xml,0
paragraphs_edit.xml,0
paragraphs_ee.xml,0
paragraphs_entity_embed.xml,0
paragraphs_features.xml,0
paragraphs_frontend_ui.xml,0
paragraphs_grid.xml,0
paragraphs_highlighter.xml,0
paragraphs_hr.xml,0
paragraphs_iframe.xml,0
paragraphs_inline_entity_form.xml,0
paragraphs_jquery_ui_accordion.xml,0
paragraphs_layouts.xml,0
paragraphs_normalizer.xml,0
paragraphs_previewer.xml,0
paragraphs_preview_helper.xml,0
paragraphs_react.xml,0
paragraphs_report.xml,0
paragraphs_sets.xml,0
paragraphs_tabs.xml,0
paragraphs_title.xml,0
paragraphs_toolbar.xml,0
paragraphs_tools.xml,0
paragraphs_trimmed.xml,0
paragraphs_type_help.xml,0
paragraphs_viewmode.xml,0
paragraphs_wizard.xml,0
paragraphs_wrapper.xml,0
paragraph_view_mode.xml,0
parallax_bg.xml,0
parallax_blocks.xml,0
parallax_blur_bg.xml,0
parameter_message.xml,0
paranoia.xml,0
parrafos.xml,0
parsely_tag.xml,0
parsely.xml,0
partial_multi.xml,0
partial.xml,0
particlesjs.xml,0
partner_links.xml,0
partner_link.xml,0
partnersite_profiles.xml,0
par.xml,0
pasc.xml,0
passcode_field.xml,0
pass_reset_checkbox.xml,0
passwd_only.xml,0
password_change_rules.xml,0
password_encrypt.xml,0
password_eye.xml,0
password_field.xml,0
password_haveibeenpwned.xml,0
password_hibp.xml,0
passwordless.xml,0
password_notification.xml,0
password_policy_configuration.xml,0
password_policy.xml,0
password_reset_tabs.xml,0
password_strength.xml,0
password_toggle.xml,0
pathalias_extend.xml,0
pathalias_force.xml,0
path_alias_xt.xml,0
pathauto_i18n.xml,0
pathauto_menu_link.xml,0
pathauto.xml,0
path_corrector.xml,0
pathed_files.xml,0
path_file.xml,0
path_nofollow.xml,0
pathologic.xml,0
path_redirect_import.xml,0
path_theme.xml,0
patreon.xml,0
pattern_library.xml,0
pause_player.xml,0
paybox.xml,0
payment_authnet.xml,0
payment_commerce.xml,0
payment_datatrans.xml,0
payment_offsite_api.xml,0
payment_payex.xml,0
payment_stripe.xml,0
payment_swish.xml,0
payment.xml,0
paynl_payment.xml,0
paypal_marketing_solutions.xml,0
paypal_payment.xml,0
paypal_subscriptions.xml,0
pbf.xml,0
pco.xml,0
pcp.xml,0
pcr.xml,0
pc.xml,0
pdb_vue.xml,0
pdf_api.xml,0
pdf_highlight.xml,0
pdf_html.xml,0
pdfjs.xml,0
pdf_merge.xml,0
pdf_preview_image.xml,0
pdfpreview.xml,1
pdf_reader.xml,0
pdf_slideshow.xml,0
pdf_using_mpdf8.xml,0
pdf.xml,0
peertube.xml,0
perfect_scrollbar.xml,0
perfmon.xml,0
performance_budget.xml,0
perimeter.xml,0
periodically_mail.xml,0
periscopeonairbutton.xml,0
permanent_entities.xml,0
permission_matrix.xml,0
permission_report.xml,0
permissions_by_entity.xml,0
permissions_by_term_redirect.xml,0
permissions_by_term.xml,0
permissions_dragcheck.xml,0
permissions_filter.xml,0
permissions_lock.xml,0
permission_spreadsheet.xml,0
permission_ui.xml,0
permutive.xml,0
per_node_analytics.xml,0
persian_fields.xml,0
persiantools.xml,0
persistent_update.xml,0
personacontent.xml,0
personal_digest.xml,0
personal_notes.xml,0
personas.xml,0
perspective.xml,0
per_user_block.xml,0
pet.xml,0
peytz_mail.xml,0
pfm.xml,0
pgn.xml,0
phantomjs_capture.xml,0
phone_international.xml,0
phone_link.xml,0
phone_registration.xml,0
phones.xml,0
phonetic.xml,0
phone_verify.xml,0
photogallery.xml,0
photoswipe.xml,0
photos.xml,0
phpconfig.xml,0
phpedu.xml,0
phpexcel.xml,0
php_ffmpeg.xml,0
phpmail_alter.xml,0
phpmailer_smtp.xml,0
phpmailer.xml,0
phpmetricsintegration.xml,0
php_ml.xml,0
php_password.xml,0
phpspreadsheet.xml,0
php.xml,0
phpx_tools.xml,0
physical.xml,0
picker.xml,0
picture_background_formatter.xml,0
picture.xml,0
pilot.xml,0
pines_notify.xml,0
pinterest_hover.xml,0
pinyin.xml,0
pirate.xml,0
pivotrev.xml,0
piwik_actions.xml,0
piwik_noscript.xml,0
piwik_reporting_api.xml,0
piwik_reports.xml,0
pki_ra.xml,0
plaintext_encoder.xml,0
planyo_reservation_system.xml,0
playwire.xml,0
plista.xml,0
plotly_js.xml,0
plugable.xml,0
pluggable.xml,0
plugindecorator.xml,0
pluginformalter.xml,0
pluginreference.xml,0
plugin_selector.xml,0
plupload_widget.xml,0
plupload.xml,0
plus.xml,0
pnx_gallery.xml,0
pnx_media_embed.xml,0
pnx_media.xml,0
pocket.xml,0
podcast.xml,0
points.xml,0
pokeapi.xml,0
polaris.xml,0
poll.xml,0
polyfill.xml,0
popper_js.xml,0
poptin.xml,0
popular_tags.xml,0
popup_after_login.xml,0
popup_dialog.xml,0
popup_field_group.xml,0
popup_maker.xml,0
popup_message.xml,0
popup_onload.xml,0
porterstemmer.xml,0
posse.xml,0
postal_code.xml,0
postcodes_io.xml,0
postmark.xml,0
postup_mail.xml,0
po_translations_report.xml,0
potx.xml,0
powerbar.xml,0
powertagging.xml,0
pp_graphsearch.xml,0
ppoidc.xml,0
pp_taxonomy_manager.xml,0
precision_modifier.xml,0
preference.xml,0
prefetch_cache.xml,0
prefetcher.xml,0
premium_node_content.xml,0
prepared_data.xml,0
prepopulate.xml,0
preprocess.xml,0
preserve_changed.xml,0
preserve_page_cache.xml,0
press_esc_to_login.xml,0
presshub.xml,0
prevent_homepage_deletion.xml,0
prevent_term_delete.xml,0
preview_link.xml,0
prev_next_block.xml,0
prev_next.xml,0
prevnext.xml,0
price_difference_formatter.xml,0
pricespider.xml,0
price.xml,0
printable.xml,0
printfriendly.xml,0
print_ninja.xml,0
prism.xml,0
private_entity.xml,0
private_files_download_permission.xml,0
private_message_flood.xml,0
private_message_nodejs.xml,0
private_message_queue.xml,0
private_messages.xml,0
private_notes.xml,0
private_page.xml,0
private_taxonomy.xml,0
prlp.xml,0
pro2s.xml,0
probo.xml,0
processing.xml,0
prod_check.xml,0
product_choice.xml,0
production_checklist.xml,0
products.xml,0
product_taxonomy_filter.xml,0
profile2.xml,0
profile_enforcer.xml,0
profile_reg_path.xml,0
profile_role_access.xml,0
profile_switcher.xml,0
profile_update_reminder.xml,0
program.xml,0
progress_bar.xml,0
progress.xml,0
projects_stats.xml,0
projects.xml,0
prometheus_exporter.xml,0
promote_disable.xml,0
protect_before_launch.xml,0
protected_file.xml,0
protected_pages.xml,0
protected_submissions.xml,0
protector.xml,0
protocol_relative_urls.xml,0
pseudo_field.xml,0
pseudo_title.xml,0
psn_public_trophies.xml,0
psv.xml,0
ptalk.xml,0
ptoc.xml,0
pubble_field.xml,0
pubg_api.xml,0
pubkey_encrypt.xml,0
public_preview.xml,0
publish_away.xml,0
publishing_dropbutton.xml,0
publishthis.xml,0
purest.xml,0
purge_cache_warmer.xml,0
purge_purger_http.xml,0
purge_purger_keycdn.xml,0
purge_queuer_url.xml,0
purge_users.xml,0
purge.xml,0
purl.xml,0
pusher_integration.xml,0
push_notifications.xml,0
pwa.xml,0
pwnd_checker.xml,0
pwned_passwords.xml,0
pxe.xml,0
qa_accounts.xml,0
qbank_dam.xml,0
qr_code_field_formatter.xml,0
qr_decode.xml,0
quadruple_field.xml,0
quadstat_misc.xml,0
qualtricsxm.xml,0
quenforcer.xml,0
querybuilder.xml,0
query.xml,0
question_field.xml,0
questions_answers.xml,0
queue_mail.xml,0
queue_monitor.xml,0
queue_order_ui.xml,0
queue_order.xml,0
queue_throttle.xml,0
queue_ui.xml,0
queue_watcher.xml,0
quick_clone.xml,0
quickedit_guillotine.xml,0
quicker_edit.xml,0
quicker_login.xml,0
quick_node_block.xml,0
quick_pages.xml,0
quickscript.xml,0
quicktabs.xml,0
quick_v_bootstrap_paragraphs.xml,0
quick_v_media.xml,0
quill.xml,0
quizard.xml,0
quora.xml,0
quotes.xml,0
quran.xml,0
qwantsearch.xml,0
qyweixin.xml,0
r4032login.xml,0
rabbitmq.xml,0
rac.xml,0
radioactivity.xml,0
radiogrid.xml,0
radix_layouts.xml,0
rakuten.xml,0
ramda.xml,0
randomnoise.xml,0
random_number_field.xml,0
random_reference_formatter.xml,0
random_weight.xml,0
range_units.xml,0
range.xml,0
rate_limiter.xml,0
rate_limits.xml,0
rate.xml,0
raven_release.xml,0
raven.xml,0
raw_formatter.xml,0
raw_string_formatter.xml,0
raygun.xml,0
rdf_entity.xml,0
rdfui.xml,0
reachedge.xml,0
react_admin.xml,0
react_block.xml,0
react_calendar.xml,0
react_comments.xml,0
reaction.xml,0
reactjs_mount.xml,0
readmehelp.xml,0
readme.xml,0
readmore_ajax.xml,0
read_more_field.xml,0
readmore.xml,0
readonly_field_widget.xml,0
readremaining.xml,0
read_time.xml,0
real_aes.xml,0
real_estate.xml,0
realistic_dummy_content.xml,0
realname.xml,0
reasonsbounce.xml,0
rebuild_cache_access.xml,0
recaptcha_extra.xml,0
recently_read.xml,0
recipes_magazin.xml,0
recommend_nodes.xml,0
records.xml,0
record.xml,0
recovery_pass.xml,0
recreate_block_content.xml,0
recruiterbox.xml,0
recurly_aegir.xml,0
recurly.xml,0
recurring_donation.xml,0
redacted_showcase.xml,0
redhen_asset.xml,0
redhen.xml,0
redirect_403_to_login_page.xml,0
redirect404_home.xml,0
redirect_after_login.xml,0
redirect_after_logout.xml,0
redirect_deleted_entities.xml,0
redirect_extensions.xml,0
redirectless.xml,0
redirect_node.xml,0
redirecton403.xml,0
redirect_options.xml,0
redis_batch.xml,0
redis_statistics.xml,0
redis_watchdog.xml,0
redis.xml,0
redmine_connector.xml,0
redoc_field_formatter.xml,0
redux.xml,0
reference_access.xml,0
reference_as_field.xml,0
referenced_entity_fields_formatter.xml,0
reference_map_adva.xml,0
reference_map.xml,0
reference_swiper.xml,0
reference_table_formatter.xml,0
reference_value_pair.xml,0
referer_to_entity_reference.xml,0
refreshless.xml,0
reftagger.xml,0
regcheck.xml,0
regcode_simple.xml,0
regcode.xml,0
reg_confirm_email.xml,0
regex_redirect.xml,0
regex.xml,0
regionincontent.xml,0
region_renderer.xml,0
regions_demo.xml,0
register_display.xml,0
register_with_stripe.xml,0
registration_events.xml,0
registration_invite.xml,0
registration_link.xml,0
registration_role_with_approval.xml,0
registration_role.xml,0
registration_types.xml,0
registration_validation.xml,0
registration.xml,0
regon.xml,0
rekognition_api.xml,0
related_block_condition.xml,0
relatedbyterms.xml,0
relaxed.xml,0
rel_content.xml,0
release_tracker.xml,0
reloadtina.xml,2
rel_to_abs.xml,0
remodal.xml,0
remote_config_sync.xml,2
remote_image.xml,0
remote_stream_wrapper_widget.xml,0
remote_stream_wrapper.xml,0
remove_entity_untranslatable_field_validation.xml,0
remove_http_headers.xml,0
remove_meta_and_headers.xml,0
remove_querystring_from_static_resource.xml,0
remove_upcase_accents.xml,0
remove_username.xml,0
renderviz.xml,0
repec.xml,2
replace.xml,0
replain.xml,0
replicate_actions.xml,0
replicate_bonus.xml,0
replicate_group.xml,0
replicate_unpublish.xml,0
replication_access.xml,0
replication.xml,0
representative_image.xml,0
represent.xml,0
request_cleanup.xml,0
request_data_conditions.xml,0
request_info.xml,0
request_parameter_condition.xml,0
required_by_role.xml,0
required_field_display.xml,0
require_login_by_site.xml,0
require_login.xml,0
requirement.xml,0
require_on_publish.xml,0
reroute_email.xml,0
reset_pass_email_otp_auth.xml,0
resource_hints.xml,0
resources.xml,0
resp_img.xml,0
respondjs.xml,0
response_code_condition.xml,0
responsestatuscode.xml,0
responsive_class_field.xml,0
responsive_favicons.xml,2
responsive_image_automatic.xml,0
responsive_image_batch.xml,0
responsive_image_formatter_link_to_image_style.xml,0
responsive_menu_combined.xml,0
responsive_menu.xml,0
responsive_preview.xml,0
responsive_share_buttons.xml,0
responsive_slideshow.xml,0
responsive_svg.xml,0
responsive_table_filter.xml,0
responsive_tables_filter.xml,0
responsivetable.xml,0
responsive_views_grid.xml,0
responsivewrappers.xml,0
rest_absolute_urls.xml,0
rest_api_doc.xml,0
rest_block_layout.xml,0
restconsumer.xml,0
rest_entity_index.xml,0
rest_entity_recursive.xml,0
rest_export_nested.xml,0
rest_menu_detail.xml,0
rest_menu_items.xml,0
rest_menu_tree.xml,0
rest_password.xml,0
restrict_abusive_words.xml,0
restrict_by_ip.xml,0
restricted_access.xml,0
restricted_area.xml,0
restricted_links_filter.xml,0
restricted_quickedit.xml,0
restrict_ip.xml,0
restrict_node_view_page.xml,0
restrict_password_change.xml,0
restrict_role_login_by_ip.xml,0
restui.xml,0
rest_views.xml,0
rest_without_format.xml,0
rethinkdb.xml,0
retina_images.xml,0
revealjs_node.xml,0
revealjs.xml,0
revechat_livechat_solution.xml,0
reverse_entity_reference.xml,0
reverse_proxy_check.xml,0
revision_log_default.xml,0
revision_log.xml,0
revisions.xml,0
revision_ui.xml,0
revive_adserver.xml,0
revue.xml,0
rewrite_field.xml,0
rfv.xml,0
ricochet_maintenance_helper.xml,0
ricochet_maintenance.xml,0
riddle_marketplace.xml,0
riddler.xml,0
riotjs.xml,0
rng_conflict.xml,0
rng_date_scheduler.xml,0
rng_quick.xml,0
rng.xml,0
robokassa_payment.xml,0
robotslogs.xml,0
robots_noindex_nofollow.xml,0
robotstxt.xml,0
rocketship_core.xml,0
rocketship_paragraphs.xml,0
rocketship.xml,0
rokka.xml,0
roleassign.xml,0
role_based_theme_switcher.xml,0
role_delegation.xml,0
role_expose.xml,0
role_help.xml,0
role_hierarchy.xml,0
role_inheritance.xml,0
role_log.xml,0
role_memory_limit.xml,0
role_menu.xml,0
role_paywall.xml,0
roles_nested.xml,0
role_specific_user_block.xml,0
roleswitcher.xml,0
role_theme_switcher.xml,0
role_toggle.xml,0
role_watchdog.xml,0
role_weights.xml,0
role.xml,0
rollback.xml,0
rollbar.xml,0
roundabout.xml,0
route_basic_auth.xml,0
route_condition.xml,0
route_iframes.xml,0
route_path_rewrite.xml,0
routeplanner.xml,0
routes_list.xml,0
route_specific_breadcrumb.xml,0
royalslider.xml,0
rpb.xml,0
rpt.xml,0
rrssb.xml,0
rss_embed_field.xml,0
rst.xml,0
rsvp_list.xml,0
rswebmail.xml,0
rtc.xml,0
rtub.xml,0
rua.xml,0
rules_data_exchanger.xml,0
rules_token.xml,0
rules_user_fields.xml,0
rules.xml,0
rwd_menu.xml,0
s3fs_cors.xml,0
s3fs_file_proxy_to_s3.xml,0
s3fs.xml,0
s3_sync.xml,0
s3_zip_image_upload.xml,0
sa11y.xml,1
sadb.xml,0
safari12_js_fix.xml,0
salesforce_auth.xml,0
salesforce.xml,0
salesiq.xml,0
salesmodule.xml,0
salsa_api.xml,0
samlauth_attributes.xml,0
samlauth.xml,0
saml_extras.xml,0
saml_idp.xml,0
saml_rules.xml,0
saml_sp.xml,0
sanitization.xml,0
sapi.xml,0
sarbacane.xml,0
sate.xml,0
saudi_identity_field.xml,0
save_continue.xml,0
save_edit.xml,0
sceditor.xml,0
scenarios.xml,0
scheduled_executable.xml,0
scheduled_maintenance.xml,0
scheduled_message.xml,0
scheduled_publish.xml,0
scheduled_transitions.xml,0
scheduler_content_moderation_integration.xml,0
scheduling.xml,0
schemaapp.xml,0
schemadata.xml,0
schema_metatag.xml,0
schemata.xml,0
schema.xml,0
sci_opportunities_widget.xml,0
scmsg.xml,0
scn.xml,0
screenshot_widget.xml,0
scribd_filter.xml,0
scriptjunkie.xml,0
script_manager.xml,0
scroll_back_to_top.xml,0
scrollbar.xml,0
scroll_depth_analytics.xml,0
scroll_progress.xml,0
scroll_to_destination_anchors.xml,0
scroll_to_element.xml,0
scroll_to_top.xml,0
scrollup.xml,0
scrpr_block.xml,0
scss_field.xml,0
sdk.xml,0
search_365.xml,0
search404.xml,0
search_api_algolia.xml,0
search_api_attachments.xml,0
search_api_autocomplete.xml,0
search_api_best_bets.xml,0
search_api_boost_priority.xml,0
search_api_bundle_boost.xml,0
search_api_devel.xml,0
search_api_elasticsearch_attachments.xml,0
search_api_exclude_entity.xml,0
search_api_exclude.xml,0
search_api_fast.xml,0
search_api_federated_solr.xml,0
search_api_field_map.xml,0
search_api_glossary.xml,0
search_api_hashtag.xml,0
search_api_pantheon.xml,0
search_api_reference.xml,0
search_api_saved_searches.xml,0
search_api_solrcloud.xml,0
search_api_solr_multilingual.xml,0
search_api_solr_pro.xml,0
search_api_sort_priority.xml,0
search_api_sorts.xml,0
search_api_spellcheck.xml,0
search_api_stats.xml,0
search_api_swiftype.xml,0
search_api_tableselect.xml,0
search_api_view_modes.xml,0
search_autocomplete.xml,0
search_configurations.xml,0
search_config.xml,0
search_exclude_nid.xml,0
search_exclude.xml,0
search_file_attachments.xml,0
searchjson.xml,0
search_kint.xml,0
search_overrides.xml,0
seasonal_product_recommendations.xml,0
seckit.xml,0
sector_blog.xml,0
sector_contact.xml,0
sector_content_audit.xml,0
sector_events.xml,0
sector_portfolio.xml,0
securelogin.xml,0
secure_password_reset.xml,0
securesite.xml,0
securitycheck.xml,0
security_login_secure.xml,0
security_review.xml,0
securitytxt.xml,0
segmentio.xml,0
select2_widget.xml,0
select_icons.xml,0
selection_note.xml,0
selection_sharer.xml,0
selective_better_exposed_filters.xml,0
selectize.xml,0
select_registration_roles.xml,0
select_remix.xml,0
select_text_value.xml,0
select_translation.xml,0
sel.xml,0
selz.xml,0
semantic_connector.xml,0
semantic_ui_api.xml,0
semanticviews.xml,0
semiclean.xml,0
sender.xml,0
sendgrid_newsletter.xml,0
sendinblue.xml,0
sendwithus_commerce.xml,0
sendwithus.xml,0
senhaunicausp.xml,0
sentiment_analysis.xml,0
sentry.xml,0
seo_301_redirection.xml,0
seo_checklist.xml,0
seo_keyword_links.xml,0
seo_manager.xml,0
seo_starter.xml,0
serialization_cache.xml,0
serial.xml,0
sers.xml,0
serve_plain_file.xml,0
server_disk_space_notification.xml,0
server_ip.xml,0
server_notice.xml,0
server.xml,0
service_comment_count_disqus.xml,0
service_comment_count.xml,0
service_description.xml,0
services_api_key_auth.xml,0
services_env_parameter.xml,0
services_menu.xml,0
services_path.xml,0
ses_mailer.xml,0
session_based_temp_store.xml,0
session_entity.xml,0
session_node_access.xml,0
set_front_page.xml,0
setka_editor.xml,0
settingsphp.xml,0
sfc.xml,0
sfs.xml,0
sfweb2lead_webform.xml,0
sg.xml,0
shapeshift.xml,0
sharebar.xml,0
sharedemail.xml,0
share_everywhere.xml,0
sharemessage.xml,0
sharerich.xml,0
sharethis_block.xml,0
sharethis.xml,0
shariff.xml,0
sharpspring.xml,0
shell.xml,0
shib_auth.xml,0
shieldmv.xml,0
shield_pages.xml,0
shield.xml,0
shifter_dialog.xml,0
shipstation_api.xml,0
shi.xml,0
shopify_api.xml,0
shopify.xml,0
short_array_syntax.xml,0
shortcode_asciinema.xml,0
shortcode_audio.xml,0
shortcode_social.xml,0
shortcode.xml,0
shortcut_menu.xml,0
shortcutperrole.xml,0
shorten_urls_in_comment.xml,0
shorthand.xml,2
show_as_expanded_always.xml,0
show_database_name_d8.xml,0
showmeyouremail.xml,0
shownid.xml,0
show_node_aliases.xml,0
show_title.xml,0
shrinktheweb.xml,0
shs.xml,0
shuffle.xml,0
shurly.xml,0
shy.xml,0
sidecomments.xml,0
sidr.xml,0
sieroty.xml,0
signalzen.xml,0
signature_field.xml,0
signature.xml,0
signed_nodes.xml,0
silent_contribute.xml,0
silktide.xml,0
similarterms.xml,0
simple_a_b.xml,0
simple_access_log.xml,0
simple_access.xml,0
simple_addthis.xml,0
simple_adsense.xml,0
simple_analytics.xml,0
simple_api.xml,0
simpleautologout.xml,0
simple_background_image_formatter.xml,0
simple_block_slider.xml,0
simple_block.xml,0
simple_calculator.xml,0
simplecloser.xml,0
simple_comment_email_notification.xml,0
simple_content.xml,0
simple_cookie_compliance.xml,0
simple_currency_converter.xml,0
simple_email_templates.xml,0
simple_entity_merge.xml,0
simple_entity_translations.xml,0
simplefader.xml,0
simple_feedback.xml,0
simple_field_formatter.xml,0
simple_global_filter.xml,0
simple_gmap.xml,0
simple_gse_search.xml,0
simple_gtm.xml,0
simplehtmldom.xml,0
simple_ics.xml,0
simple_iframe.xml,0
simple_instagram_feed.xml,0
simple_integrations.xml,0
simplei.xml,0
simple_json_viewer.xml,0
simple_jwt.xml,0
simple_lazyloader.xml,0
simple_ldap.xml,0
simplelineicons.xml,0
simplelogin.xml,0
simple_mailchimp.xml,0
simplemde.xml,0
simple_megamenu.xml,0
simple_menu_icons.xml,1
simplemeta.xml,0
simple_mobile_login.xml,0
simple_mobile_menu.xml,0
simple_modal_entity_form.xml,0
simple_multistep.xml,0
simplenews_advance.xml,0
simplenews_scheduler.xml,0
simplenews_stats.xml,0
simple_oauth_code.xml,0
simple_oauth.xml,0
simple_openid_server.xml,0
simple_pass_reset.xml,0
simple_password_reveal.xml,0
simple_pin_map.xml,0
simpleplayer.xml,0
simplepodcast.xml,0
simple_popup_blocks.xml,0
simple_popup_views.xml,0
simple_redirect.xml,0
simple_reservation.xml,0
simple_responsive_table.xml,0
simple_revision.xml,0
simplesamlphp_auth.xml,0
simple_seo_preview.xml,0
simplesharer.xml,0
simple_sitemap_views.xml,0
simple_sitemap.xml,0
simple_social_icons.xml,0
simple_styleguide.xml,0
simple_survey.xml,0
simple_timeline.xml,0
simple_tweets.xml,0
simple_twilio.xml,0
simple_user_management.xml,0
simplifying.xml,0
simplify_menu.xml,0
simplify.xml,0
simplyhired.xml,0
simply_signups.xml,0
sinceago.xml,0
single_datetime.xml,0
single_format_widget.xml,0
single_image_formatter.xml,0
single_language_url_prefix.xml,0
single_page_site.xml,0
single_row_layouts.xml,0
single_sign_on.xml,0
singleton.xml,0
single_user_role.xml,0
sir_trevor.xml,0
sis.xml,0
site_alert.xml,0
site_audit.xml,0
site_banner.xml,0
sitecommander.xml,0
site_env.xml,0
siteimprove.xml,0
siteinfo.xml,0
sitelog.xml,0
site_map.xml,0
sitemap.xml,0
sitemeta.xml,0
sitemorse_lite.xml,0
sitename_by_path.xml,0
site_notifications.xml,0
site_per_path.xml,0
site_policy.xml,0
sitesearch_360.xml,0
site_settings.xml,0
site_status_message.xml,0
site_verify.xml,0
sitewide_alert.xml,0
sketchfab.xml,0
sketch_tools.xml,0
skimlinks.xml,0
skinr.xml,0
skipmaintenancemodebyip.xml,0
skip_temp_file_warnings.xml,0
skosmos_feeds.xml,0
sku_prefix_promotion_condition.xml,0
skype.xml,0
skyword.xml,0
slaask_for_drupal.xml,0
slack_invite.xml,0
slack_log.xml,0
slack_receive.xml,0
slack_rtm.xml,0
slicebox_slider.xml,0
slick_browser.xml,0
slick_entityreference.xml,0
slick_extras.xml,0
slick_lightbox.xml,0
slick_media.xml,0
slick_paragraphs.xml,0
slickquiz_field.xml,0
slick_quiz.xml,0
slick_video.xml,0
slick_views.xml,0
slick.xml,0
slicky_mobile.xml,0
slider_pro.xml,0
sliderwidget.xml,0
slides_presentation.xml,0
slimscroll_field_formatter.xml,0
slushi_cache.xml,0
smallads.xml,0
smart_comment.xml,0
smart_content_datalayer.xml,0
smart_content_demandbase.xml,0
smart_content_ip_location.xml,0
smart_content.xml,0
smart_date.xml,0
smart_glossary.xml,0
smartid_auth.xml,0
smart_ip_ban.xml,0
smart_ip_locale.xml,0
smart_ip.xml,2
smartling.xml,0
smart_login.xml,0
smartlook_tracking.xml,0
smartsheet.xml,0
smart_title.xml,0
smartwaiver.xml,0
smartystreetsapi.xml,0
s_max_age.xml,0
smith.xml,0
smooth_mouse_scrolling.xml,0
sms_account_activate.xml,0
sms_aliyun.xml,0
sms_aws_sns.xml,0
sms_framework.xml,0
smsframework.xml,0
sms_gateway_base.xml,0
sms_messente.xml,0
sms_mobilyws.xml,0
sms_ovh.xml,0
sms_rangine.xml,0
sms_simplegateway.xml,0
sms_smsfactor.xml,0
sms_twilio.xml,0
sms_vbo.xml,0
sms_vianett.xml,0
sms_websms.xml,0
smtp.xml,0
smugmug_api.xml,0
sna_blocks.xml,0
snail.xml,0
snapengage.xml,0
snipcart.xml,0
snippet_manager.xml,0
snippet_metatag.xml,0
snowflakes.xml,0
socbutt.xml,0
social_api.xml,0
social_auth_amazon.xml,0
social_auth_bitbucket.xml,0
social_auth_box.xml,0
social_auth_decoupled.xml,0
social_auth_digitalocean.xml,0
social_auth_dropbox.xml,0
social_auth_drupal.xml,0
social_auth_esia.xml,0
social_auth_facebook.xml,0
social_auth_github.xml,0
social_auth_google_api.xml,0
social_auth_google.xml,0
social_auth_heroku.xml,0
social_auth_instagram.xml,0
social_auth_itsme.xml,0
social_auth_linkedin_api.xml,0
social_auth_linkedin.xml,0
social_auth_mailru.xml,0
social_auth_mastodon.xml,0
social_auth_microsoft.xml,0
social_auth_ok.xml,0
social_auth_paypal.xml,0
social_auth_pbs.xml,0
social_auth_reddit.xml,0
social_auth_roles.xml,0
social_auth_slack.xml,0
social_auth_steemconnect.xml,0
social_auth_strava.xml,0
social_auth_twitch.xml,0
social_auth_twitter.xml,0
social_auth_uber.xml,0
social_auth_unsplash.xml,0
social_auth_vk.xml,0
social_auth.xml,0
social_connect.xml,0
social_contact_info.xml,0
social_counters.xml,0
social_feed_aggregator.xml,0
social_feed_fetcher.xml,0
social_feeds_block.xml,0
socialfeed.xml,0
social_geolocation.xml,0
social_icons.xml,0
social_json_api.xml,0
social_kpi_lite.xml,0
social_links.xml,0
social_login.xml,0
socialmediafeed.xml,0
social_media_integration.xml,0
social_media_links.xml,0
social_media.xml,0
social_post_slack.xml,0
social_post_video.xml,0
social_post.xml,0
social_profile_field.xml,0
social_pwa.xml,0
social_sharbar.xml,0
social_share_counter.xml,0
social_simple.xml,0
social_stats.xml,0
social_timeline.xml,0
social_tracking.xml,0
social_widgets.xml,0
socrata.xml,0
sodium.xml,0
soembed.xml,0
softlayer.xml,0
solr_qb.xml,0
something_went_wrong.xml,0
sooperthemes_gridstack.xml,0
sophron.xml,0
sortableviews.xml,0
soundcloudfield.xml,0
sourcepoint.xml,0
spaces_enforced.xml,0
spalp.xml,0
spam_blackhole.xml,0
spambot.xml,0
spamicide.xml,0
spamlinkblock.xml,0
spammaster.xml,0
sparkpost.xml,0
sparql_entity_storage.xml,0
spatialfields.xml,0
speak2type.xml,0
speakerdeck_field.xml,0
special_menu_items.xml,0
special_taxonomy_tagging_in_body.xml,0
spectra_connect.xml,0
spectra.xml,0
speedboxes.xml,0
spiderslap.xml,0
spid.xml,0
spin.xml,0
splashify.xml,0
splash_redirect.xml,0
splash_screen.xml,0
splio.xml,0
split.xml,0
spn.xml,0
sponsor.xml,0
sports_league.xml,0
spreadsheets.xml,0
sp.xml,0
square_pixels_scale.xml,0
squawk.xml,0
squid_autocomplete.xml,0
s_r_c_html5_validation.xml,0
ssf.xml,0
ssp_idp.xml,0
stackpath.xml,0
stacks.xml,0
stage_file_proxy.xml,0
starrating_formdisplay.xml,0
starrating.xml,0
state_form_base.xml,0
state_form_entity.xml,0
state_machine.xml,0
static_generator.xml,11
static_page.xml,0
static_root_page.xml,0
static_server.xml,0
station.xml,0
statistics_counter.xml,0
stats.xml,0
statuscake_push_monitoring.xml,0
status_messages.xml,0
steam_api.xml,0
steam_login.xml,0
steam_vent.xml,0
stencil.xml,0
stickynav.xml,0
sticky_sharrre_bar.xml,0
sticky_social_share.xml,0
sticky_toolbar.xml,0
sticky.xml,0
stm.xml,0
stockapi.xml,0
stock_photo_field.xml,0
stock_photo_search.xml,0
stocks_api.xml,0
stomp.xml,0
stomt.xml,0
stools.xml,0
stop_admin.xml,0
stop_broken_link_in_body.xml,0
stop_spam_regs.xml,0
stopwatch.xml,0
stories.xml,0
storychief.xml,0
straw.xml,0
stress_test_add_translations.xml,0
string_field_formatter.xml,0
stringoverrides.xml,0
strings_i18n_json_export.xml,0
string_translation_ui.xml,0
string_unique.xml,0
stripe_api.xml,0
stripe_checkout.xml,0
stripe_gate.xml,0
stripe_licensing.xml,0
stripe_webform.xml,0
stripe_webhooks.xml,0
stripe.xml,0
striptag_filter.xml,0
structured_data.xml,0
structure_sync.xml,0
studentsdbexample.xml,0
students.xml,0
styled_google_map.xml,0
styleguide.xml,0
style_management.xml,1
style_node_title.xml,0
styles_api.xml,0
stylestripper.xml,0
styleswitcher.xml,0
sublimevideo.xml,0
submission_ip_anonymizer.xml,0
submitted_by_specific.xml,0
subpathauto.xml,0
subprofiles.xml,0
subrequest.xml,0
suggestedterms.xml,0
suggestion.xml,0
suggest_similar_titles.xml,0
sula_calculator.xml,0
summit_meeting_list.xml,0
sumome_tools.xml,0
sumoselect.xml,0
supercookie.xml,0
superfaktura.xml,0
superfish.xml,0
supermonitoring.xml,0
supersaas.xml,0
superslides.xml,0
support_mail.xml,0
suretax.xml,0
surveygizmodrupal.xml,0
svg_embed.xml,0
svg_formatter.xml,0
svg_icon_field.xml,0
svg_icon.xml,0
svg_image_field.xml,0
svg_image.xml,0
svg_maps.xml,0
svg_sanitizer.xml,0
swagger_ui_formatter.xml,0
sweetalert2.xml,0
sweetalert.xml,0
swiftmailer_force_html.xml,0
swiftmailer.xml,0
swiftype.xml,0
swiper_slider.xml,0
swiper.xml,0
swish_payment.xml,0
switches.xml,0
switch_page_theme.xml,0
sw_register.xml,0
symbol.xml,0
symfony_validator_translator.xml,0
symlink.xml,0
synajax.xml,0
synapse.xml,0
syncart.xml,0
syndev.xml,0
synergy.xml,0
synhelper.xml,0
synimage.xml,0
synmail.xml,0
synmap.xml,0
synonyms.xml,0
syntaxhighlighter.xml,0
syntax_highlighting_field_formatter.xml,0
syslog_report.xml,0
systempay.xml,0
system_status.xml,0
system_stream_wrapper.xml,0
system_tags.xml,0
system_user.xml,0
sys.xml,0
szentirashu_formatter.xml,0
szube_api.xml,0
taarikh.xml,0
table_altrow.xml,0
tableau_dashboard.xml,0
table_bs_filter.xml,0
table_chart.xml,0
table_field_group.xml,0
tablefield.xml,0
tablesorter.xml,0
tabs_element.xml,0
tab_toolbar.xml,0
tac_lite.xml,0
tag1quo.xml,0
tagadelic.xml,0
tag_block_site_branding_switcher.xml,0
tagclouds.xml,0
taggd.xml,0
tally.xml,0
tamper.xml,0
tango_card.xml,0
tanslation_outdated.xml,0
tap4call.xml,0
tardis.xml,0
tarpit.xml,0
task.xml,0
tasty_backend.xml,0
tawk_to.xml,0
tawkto.xml,0
taxonews.xml,0
taxonomy_access_fix.xml,0
taxonomy_based_visibility.xml,0
taxonomy_bootstrap_accordion.xml,0
taxonomy_breadcrumb.xml,0
taxonomy_container.xml,0
taxonomy_custom_controller.xml,0
taxonomy_delete.xml,0
taxonomy_entity.xml,0
taxonomy_facets.xml,0
taxonomy_formatter.xml,0
taxonomy_image.xml,0
taxonomy_import.xml,0
taxonomy_machine_name.xml,0
taxonomy_manager_lite.xml,0
taxonomy_manager.xml,0
taxonomy_menu_trails.xml,0
taxonomy_menu_ui.xml,0
taxonomy_moderator.xml,0
taxonomy_move.xml,0
taxonomy_multidelete_terms.xml,0
taxonomy_path.xml,0
taxonomy_permissions.xml,0
taxonomy_per_user.xml,0
taxonomy_place.xml,0
taxonomy_protect.xml,0
taxonomy_publish.xml,0
taxonomy_quick_child.xml,0
taxonomy_reference_shield.xml,0
taxonomy_replace.xml,0
taxonomy_rollup.xml,0
taxonomy_scheduler.xml,0
taxonomy_term_depth.xml,0
taxonomy_term_fields_manager.xml,0
taxonomy_unique.xml,0
taxonomy_vocabulary_tree.xml,0
tb_megamenu.xml,0
tckn_kontrol.xml,0
tckn_webform_element.xml,0
tc.xml,0
teachest.xml,0
tealeaf.xml,0
tealium.xml,0
teamleader.xml,0
team.xml,0
teaserver.xml,0
teaservice.xml,0
teatree.xml,0
telega.xml,0
telephone_formatter.xml,0
telephone_validation.xml,0
template_breadcrumb.xml,0
template_suggester.xml,0
template_whisperer.xml,0
templating.xml,0
temporal.xml,0
tenon_io.xml,0
termcase.xml,0
term_condition.xml,0
term_csv_export_import.xml,0
term_csv_tree_import.xml,0
term_glossary.xml,0
term_index.xml,0
term_level.xml,0
term_merge_manager.xml,0
term_merge.xml,0
term_name_validation.xml,0
term_node.xml,0
term_reference_change.xml,0
term_reference_sortable.xml,0
term_reference_tree.xml,0
term_revision.xml,0
terms_of_use.xml,0
term_split.xml,0
term_tree_selector.xml,0
test_output_viewer.xml,0
test_proj_3.xml,0
testpro.xml,0
tether_stats.xml,0
tetw.xml,0
text2image.xml,1
textarea_limit.xml,0
textareatabs.xml,0
textarea_widget_for_text.xml,0
textfield_confirm.xml,0
textfield_counter.xml,0
textimage.xml,5
textmarketer_contacts.xml,0
text_or_link.xml,0
textrazor.xml,0
text_resize.xml,0
text_rotator_filter.xml,0
text_selection.xml,0
text_summary_formater.xml,0
text_summary_options.xml,0
text_with_title.xml,0
tfa_duo.xml,0
tfa_ga_totp.xml,0
tfl.xml,0
tft.xml,0
thank_you_commenter.xml,0
themable_forms.xml,0
theme_breakpoints_js.xml,0
theme_by_author.xml,0
theme_change.xml,0
theme_field.xml,0
theme_filter.xml,0
themekey.xml,0
theme_permission.xml,0
theme_switcher.xml,0
theme_system_sandbox.xml,0
thermometer.xml,0
third_party_wrappers.xml,0
third_party.xml,0
thron.xml,0
thumbor_effects_crop.xml,0
thumbor_effects.xml,0
ticket.xml,0
tid_to_name.xml,0
tikitoki.xml,0
tikkie.xml,0
tile.xml,0
timed_messages.xml,0
timed_node_page.xml,0
time_field.xml,0
time_formatter.xml,0
timelinejs.xml,0
timelogin.xml,0
timeout_notification.xml,0
timepicker.xml,0
time_range.xml,0
time_spent_all.xml,0
time_spent.xml,0
timestamp_range.xml,0
timetable_cron.xml,0
tint_connector.xml,0
tint.xml,0
tiny_carousel_slider.xml,0
tinypng.xml,0
tipsy.xml,0
title_field_for_manage_display.xml,0
title_length.xml,0
title.xml,0
tlh.xml,0
tmgmt_acclaro.xml,0
tmgmt_capita.xml,0
tmgmt_deepl.xml,0
tmgmt_extension_suit.xml,0
tmgmt_geartranslations.xml,0
tmgmt_globalsight.xml,0
tmgmt_google.xml,0
tmgmt_memory.xml,1
tmgmt_memsource.xml,0
tmgmt_microsoft.xml,0
tmgmt_morningside.xml,0
tmgmt_mygengo.xml,0
tmgmt_oht.xml,0
tmgmt_powerling.xml,0
tmgmt_spreadsheet.xml,0
tmgmt_textmaster.xml,0
tmgmt_thebigword.xml,0
tmgmt_wordbee.xml,0
tmgmt_xtm.xml,0
tmgmt_yandex_api.xml,0
tns_gallup.xml,0
toastify.xml,0
toc_api_node.xml,0
toc_api.xml,0
toc_filter.xml,0
tocify.xml,0
toc_js.xml,0
toc_node.xml,0
toggle_editable_fields.xml,0
togglemenu.xml,0
toggle_sticky_toggler.xml,0
token_conditions.xml,0
tokendebug.xml,0
token_default.xml,0
token_embed_views.xml,0
token_filter.xml,0
token_headers.xml,0
token_language.xml,0
token_replace_ajax.xml,0
tokenuuid.xml,0
token_var.xml,0
token.xml,0
tome_netlify.xml,0
tome_require_login.xml,0
tome_sync_github.xml,0
toolbar_anti_flicker.xml,0
toolbar_edit_button.xml,0
toolbar_extras.xml,0
toolbar_link.xml,0
toolbar_manager.xml,0
toolbar_menu_clean.xml,0
toolbar_menu.xml,0
toolbar_region.xml,0
toolbar_themes.xml,0
toolbar_visibility.xml,0
tooltip_ckeditor.xml,0
tooltip_taxonomy.xml,0
tota11y.xml,0
total_control.xml,0
tour_block.xml,0
tour_builder.xml,0
tour_ui.xml,0
townsec_key.xml,0
tracdelight.xml,0
track_da_files.xml,0
trackduck_integration.xml,0
track_file_downloads.xml,0
tracking_code.xml,0
tracking_number.xml,0
track_site_visitor.xml,0
traffic_light_rating.xml,0
trail_graph.xml,0
trailing_slash.xml,0
trance.xml,0
transaction_workflow.xml,0
transcoding_aws.xml,0
transcoding.xml,0
transcript.xml,0
transform_uploaded_image.xml,0
translatable_menu_link_uri.xml,0
translate_set.xml,0
translate_side_by_side.xml,0
translate_this.xml,0
translate_tool.xml,0
translate.xml,0
translation_condition.xml,0
translation_extractor.xml,0
translation_form.xml,0
translation_outdated.xml,0
translation_views.xml,0
translators.xml,0
transliterate_filenames.xml,0
transliterate.xml,0
trash.xml,0
travolute.xml,0
trending_images.xml,0
trial_role.xml,0
tribune.xml,0
trim_html.xml,0
tripadvisor_integration.xml,0
tr_rulez.xml,0
trumba.xml,0
trunk8_formatter.xml,0
trusted_redirect.xml,0
trustpay.xml,0
ts_consultation_calendar.xml,0
tui_editor.xml,0
tupas.xml,0
turbolinks.xml,0
tus.xml,0
tve.xml,0
tvi.xml,0
tweetext.xml,0
tweet_poster.xml,0
tweet_text.xml,0
twig_addons.xml,0
twig_backlink.xml,0
twig_blocks.xml,0
twig_clean_debug.xml,0
twig_components.xml,0
twig_compress.xml,0
twig_debug.xml,0
twig_drupal_children_extension.xml,0
twig_extender.xml,0
twig_extensions.xml,0
twig_field_value.xml,0
twig_field.xml,0
twigjs.xml,0
twig_killswitch_trigger.xml,0
twig_link_attributes.xml,0
twig_namespaces.xml,0
twig_php.xml,0
twig_renderable.xml,0
twig_render_this.xml,0
twig_sd.xml,0
twigsuggest.xml,0
twig_svg.xml,0
twig_temp.xml,0
twig_tools.xml,0
twig_tweak.xml,0
twig_typography.xml,0
twig_vardumper.xml,0
twig_views.xml,0
twig_whitespace_collapser.xml,0
twig_xdebug.xml,0
twig.xml,0
twilio.xml,0
twinesocial.xml,0
twitter_api_block.xml,0
twitter_api_search.xml,0
twitter_api.xml,0
twitter_block.xml,0
twitter_embed_field.xml,0
twitter_embed.xml,0
twitter_entity.xml,0
twitter_feed.xml,0
twitter_filters.xml,0
twitter_filter.xml,0
twitteroauth.xml,0
twitter_profile_widget.xml,0
twitter_sync.xml,0
twitter_trends.xml,0
twitter_tweets.xml,0
twitter_username.xml,0
twizo_verification.xml,0
txt_serialization.xml,0
tynt.xml,0
typed_data.xml,0
typed_widget.xml,0
typekit_integration.xml,0
type_style.xml,0
tzfield.xml,0
uaparser.xml,1
ubercart_funds.xml,0
ubercart.xml,0
uber_publisher_ads_system.xml,0
uber_publisher_author_profile.xml,0
uber_publisher_breaking_news.xml,0
uber_publisher_daily_cartoons.xml,0
uber_publisher_in_pictures.xml,0
uber_publisher_opinion_articles.xml,0
uber_publisher_search.xml,0
uber_publisher_social_post.xml,0
uc_affirm.xml,0
uc_canadapost.xml,0
uc_ccavenue.xml,0
uc_dropdown_attributes.xml,0
uc_everyday.xml,0
uc_gc_client.xml,0
uc_only_one.xml,0
uc_paylike.xml,0
uc_paymentexpress.xml,0
uc_paypal_plus.xml,0
uc_pdf_invoice_mail.xml,0
uc_quickpay.xml,0
uc_stripe.xml,0
uc_vat_prices.xml,0
uc_volume_pricing.xml,0
udheader.xml,0
ueditor.xml,0
ufavicon.xml,0
ui_components.xml,0
uikit_components.xml,0
uikit_grid.xml,0
uikit_gui.xml,0
uikit_node_accordion.xml,0
uikit_slideshow.xml,0
uikitty_buttons.xml,0
ui_patterns_block.xml,0
ui_patterns_entity_links.xml,0
ui_patterns_field_formatters.xml,0
ui_patterns_from_layouts.xml,0
ui_patterns_pattern_lab.xml,0
ui_patterns_views_style.xml,0
ui_patterns.xml,0
uiplog.xml,0
ulogin.xml,0
ultimate_cron.xml,0
ultimenu.xml,0
underscore_handle.xml,0
unifonic_sms.xml,0
unique_code_field.xml,0
unique_field_ajax.xml,0
unique_field.xml,0
unique_logs.xml,0
unique_multivalue_field.xml,0
unish.xml,0
unity_webapp.xml,0
universal_queue.xml,0
unix_time_conversion.xml,0
unlimited_number.xml,0
unlock.xml,0
unpublished_node_permissions.xml,0
unpublished_nodes_redirect.xml,0
unpublished_paragraphs.xml,0
unpublished_permissions.xml,0
unpublish_own_comment.xml,0
unset_comment_tips.xml,0
unset_html_head_link.xml,0
unveil.xml,0
update_external_links.xml,0
update_helper.xml,0
update_notifications_disable.xml,0
update_runner.xml,0
updater.xml,0
update_worker.xml,0
upgrade_status.xml,0
upgrade_tool.xml,0
upload_storage_reminder.xml,0
uppy.xml,0
uptime_widget.xml,0
url_alias_permissions.xml,0
url_embed.xml,0
url_filter.xml,0
urllogin.xml,0
url_redirect.xml,0
url_replace_filter.xml,0
url_to_video_filter.xml,0
url.xml,0
urvp.xml,0
usable_json.xml,0
usajobs_integration.xml,0
usebb2drupal.xml,0
user_account_language_negotiation.xml,0
user_agent_class.xml,0
user_alert.xml,0
user_approval_dashboard.xml,0
user_attendance.xml,0
user_bundle.xml,0
user_cancel_immediate.xml,0
user_created_by.xml,0
user_csv_import.xml,0
user_current_paths.xml,0
user_default_page.xml,0
user_delete_reassign.xml,0
user_edit.xml,0
user_email_textformat.xml,0
user_external_invite.xml,0
user_extras.xml,0
user_geo_address.xml,0
user_guide.xml,0
user_hash.xml,0
user_homepage.xml,0
user_import.xml,7
user_instance.xml,0
user_lock.xml,0
user_login_persistent_destination.xml,0
user_logout_confirm.xml,0
user_manual_verify.xml,0
user_menu_avatar.xml,0
username_check.xml,0
username_enumeration_prevention.xml,0
username_less.xml,0
username_login.xml,0
username_policy.xml,0
username_reminder.xml,0
username_validation.xml,0
usernotification.xml,0
userone.xml,0
user_online_status.xml,0
user_permissions.xml,0
user_plus.xml,0
user_points.xml,0
userpoints.xml,0
user_private_fields.xml,0
userprotect.xml,0
user_pwreset_timeout.xml,0
userqueue.xml,0
user_reference_access.xml,0
user_reference_node_access.xml,0
userref.xml,0
user_registration_limit.xml,0
user_restrictions.xml,0
user_revision.xml,0
user_route_context.xml,0
user_sanitize.xml,0
users_export.xml,0
usersnap.xml,0
user_status_online.xml,0
userswitch.xml,0
usfedgov_google_analytics.xml,0
uswds_paragraphs.xml,0
uuid_condition.xml,0
uuid_forward.xml,0
uuid_map.xml,0
uuid_url.xml,0
validateaddress.xml,0
validators.xml,0
value.xml,0
vapn.xml,0
varbase_api.xml,0
varbase_auth.xml,0
varbase_blog.xml,0
varbase_bootstrap_paragraphs.xml,0
varbase_carousels.xml,0
varbase_core.xml,0
varbase_editor.xml,0
varbase_email.xml,0
varbase_faqs.xml,0
varbase_heroslider_media.xml,0
varbase_landing.xml,0
varbase_media_header.xml,0
varbase_media.xml,0
varbase_reports.xml,0
varbase_search.xml,0
varbase_seo.xml,0
varbase_styleguide.xml,0
varbase_total_control.xml,0
vardumper.xml,0
varnish.xml,0
vat_number.xml,0
vault_auth_approle.xml,0
vault_auth_token.xml,0
vault_key_aws.xml,0
vault_key_kv.xml,0
vault.xml,0
vbo_export.xml,0
vcard.xml,0
vcl.xml,0
vcs_provider_client.xml,0
vde_drush.xml,0
vefta.xml,0
vegas.xml,0
venga_translator.xml,0
veoa.xml,0
verf.xml,0
vertical_image_scrolling.xml,0
vertical_tabs_config.xml,0
vex_message.xml,0
vfd.xml,0
vib.xml,0
videobackground_banner_block.xml,0
videobackground.xml,0
video_embed_aparat.xml,0
video_embed_bliverr.xml,0
video_embed_brightcove.xml,0
video_embed_dacast.xml,0
video_embed_dailymotion.xml,0
video_embed_damdy.xml,0
video_embed_dreambroker.xml,0
video_embed_dtube.xml,0
video_embed_facebook.xml,0
video_embed_field.xml,0
video_embed_html5.xml,0
video_embed_hulu.xml,0
video_embed_instagram.xml,0
video_embed_jwplayer.xml,0
video_embed_jw_self_hosted.xml,0
video_embed_kaltura.xml,0
video_embed_metacafe.xml,0
video_embed_myspace.xml,0
video_embed_panopto.xml,0
video_embed_peertube.xml,0
video_embed_rutube.xml,0
video_embed_screencast.xml,0
video_embed_soundcloud.xml,0
video_embed_spotify.xml,0
video_embed_ted.xml,0
video_embed_tencent.xml,0
video_embed_twentythree.xml,0
video_embed_twitch.xml,0
video_embed_vidme.xml,0
video_embed_vidyard.xml,0
video_embed_vkontakte.xml,0
video_embed_wistia.xml,0
video_embed_youku.xml,0
video_filter.xml,0
video_js.xml,0
videojs.xml,0
video_playlist.xml,0
video_sitemap.xml,0
video_wistia.xml,0
video.xml,0
vidyard.xml,0
view_custom_table.xml,0
view_entity_ref_field_formatter.xml,0
viewerjs.xml,0
viewfield_tags.xml,0
viewfield.xml,0
view_mode_block.xml,0
view_mode_page.xml,0
view_modes_display.xml,0
view_mode_selector.xml,0
view_mode.xml,0
view_password.xml,0
viewport.xml,0
view_profiles_perms.xml,0
views_access_callback.xml,0
views_accordion_foundation.xml,0
views_accordion.xml,0
views_add_button_group.xml,0
views_add_button.xml,0
views_advanced_cache.xml,0
views_advanced_routing.xml,0
views_aggregator.xml,0
views_ajax_get.xml,0
views_ajax_history.xml,0
views_area_link.xml,0
views_arg_order_sort.xml,0
views_argument_token.xml,0
views_argument_validator_regex.xml,0
views_attach_library.xml,0
views_autocomplete_api.xml,0
views_autocomplete_search.xml,0
views_autorefresh_d8.xml,0
views_autosubmit.xml,0
views_base_url.xml,0
views_block_area.xml,0
views_block_filter_block.xml,0
views_block_placement_exposed_form_defaults.xml,0
views_blogspot_archive.xml,0
views_bootstrap.xml,0
views_breadcrumb.xml,0
views_bulk_edit.xml,0
views_bulk_operations.xml,0
views_cache_bully.xml,0
views_collapsible_list.xml,0
views_conditional.xml,0
views_condition.xml,0
viewscss.xml,0
views_cumulative_field.xml,0
views_current_path.xml,0
views_custom_cache_tag.xml,0
views_custom_link.xml,0
views_database_connector.xml,0
views_date_format_sql.xml,0
views_dates.xml,0
views_default_arguments.xml,0
views_default_user_taxonomy.xml,0
views_dependent_filters.xml,0
views_dynamic_entity_row.xml,0
views_dynamic_title.xml,0
views_ef_fieldset.xml,0
views_embed_context.xml,0
views_entity_embed.xml,0
views_entity_form_field.xml,0
views_entity_translations_links.xml,0
views_evi.xml,0
views_exclude_previous.xml,0
views_exposed_filter_blocks.xml,0
views_extras.xml,0
views_feed_link_field_alter.xml,0
views_field_formatter.xml,0
views_field_percentage.xml,0
views_field_permissions.xml,0
views_field_select_filter.xml,0
views_fieldsets.xml,0
views_fieldset.xml,0
views_fields_on_off.xml,0
views_field_view.xml,0
views_filter_calculated_price.xml,0
views_filter_clear.xml,0
views_first_page.xml,0
views_flexible_pager.xml,0
views_flipboard.xml,0
views_flipped_table.xml,0
views_fractionslider.xml,0
views_googlenews.xml,0
views_group_action.xml,0
views_html_tags.xml,0
views_http_pager.xml,0
views_ical.xml,0
views_ifempty.xml,0
views_index_hint.xml,0
views_infinite_scroll.xml,0
views_inject.xml,0
views_jump_menu.xml,0
views_layout.xml,0
views_linkarea.xml,0
views_link_attributes.xml,0
views_list_sort.xml,0
views_load_more.xml,0
views_math.xml,0
views_menu_children_filter.xml,0
views_menu_relationship.xml,0
views_merge_rows.xml,0
views_natural_sort.xml,0
views_negate.xml,0
views_node_access_filter.xml,0
views_nodejs.xml,0
views_oai_pmh.xml,0
views_order_by_delta.xml,0
views_pager_summary.xml,0
views_parity_row.xml,0
views_photo_grid.xml,0
views_php.xml,0
views_polygon_search.xml,0
views_pretty_path.xml,0
views_published_or_roles.xml,0
views_random_seed.xml,0
views_raw_sql.xml,0
views_record_count.xml,0
viewsreference.xml,0
views_render_view.xml,0
views_responsive_columns.xml,0
views_rest_feed.xml,0
views_restricted.xml,0
views_role_based_global_text.xml,0
views_row_insert.xml,0
views_rss_content.xml,0
views_rss_events.xml,0
views_rss_georss.xml,0
views_rss_google_products.xml,0
views_rss_itunes.xml,0
views_rss_media.xml,0
views_rss_pubsubhubbub.xml,0
views_rss.xml,0
views_rss_yandex.xml,0
views_search_snippet.xml,0
views_secondary_row.xml,0
views_semantic_tabs.xml,0
views_send.xml,0
views_sessions.xml,0
views_show_more.xml,0
views_simplechart.xml,0
views_simple_math_field.xml,0
views_slideshow_cycle2.xml,0
views_slideshow_jcarousel.xml,0
views_slideshow_rendered_entity_pager.xml,0
views_slideshow.xml,0
views_sort_expression.xml,0
views_sort_null_field.xml,0
views_sort_options_weight.xml,0
views_split.xml,0
views_system.xml,0
views_tablesearch.xml,0
views_taxonomy_name_default_argument.xml,0
views_taxonomy_parent_id_from_term.xml,0
views_taxonomy_term_name_depth.xml,0
views_taxonomy_term_name_into_id.xml,0
views_templates.xml,0
views_term_hierarchy_weight_field.xml,0
views_timelinejs.xml,0
views_timestamp_aggregate.xml,0
views_tools.xml,0
views_tree.xml,0
views_url_alias_filter.xml,0
views_url_alias.xml,0
views_url_path_arguments.xml,0
views_vcards.xml,0
views_vertical_tabs.xml,0
views_webticker.xml,0
views.xml,0
views_xml_backend.xml,0
views_year_filter.xml,0
views_zurb_foundation.xml,0
view_unpublished.xml,0
vimeo_embed_field.xml,0
vimeo_upload.xml,0
vimeo_video_uploader.xml,0
vimrc.xml,0
violinist_projects.xml,0
virtual_entities.xml,0
virtual_keyboard.xml,0
virtual_tour.xml,0
visitor_analytics.xml,0
visitor_insights.xml,0
visitors.xml,0
visjs.xml,0
visualization.xml,0
visually_impaired_module.xml,0
visualn_commerce.xml,0
visualn_excel.xml,0
visualn.xml,0
visual_website_optimizer.xml,0
vitalsource_api.xml,0
vitalsource_checkout.xml,0
vitals.xml,0
vk_authentication.xml,0
vk_community.xml,0
vk_crosspost.xml,0
vkxp.xml,0
vmi.xml,0
vote_anon.xml,0
vote_up_down.xml,0
votingapi_reaction.xml,0
votingapi_widgets.xml,0
votingapi.xml,0
voting_rules_d8.xml,0
vppr.xml,0
vsauce_sticky_popup.xml,0
vspfo.xml,0
vuejs.xml,0
vuetable.xml,0
vuukle.xml,0
w3c_validator.xml,0
w3_element_prohibitions.xml,0
walkme_snippet.xml,0
warden.xml,0
warmer.xml,0
watchdog_delete_filter.xml,0
watchdog_event_extras.xml,0
watchdog_mailer.xml,0
watchdog_navigate.xml,0
watchdog_prune.xml,0
watchdog_slack.xml,0
waterwheel.xml,0
wayf_dk_login.xml,0
waypoints.xml,0
wb_404_redirection.xml,0
wba_menu_link.xml,0
wbm2cm.xml,0
weather_city.xml,0
weathercomau.xml,0
weatherstation.xml,0
weather_wunderground.xml,0
web_accessibility.xml,0
webapps.xml,0
webcomponents.xml,0
webex_xml_api.xml,0
webfactory.xml,0
webform_analysis.xml,0
webform_as_block.xml,0
webform_attachment_gated_download.xml,0
webform_cart.xml,0
webform_composite.xml,0
webform_config_ignore.xml,0
webform_confirmation_file.xml,0
webform_content_creator.xml,0
webform_counter.xml,0
webform_cpf.xml,0
webform_craftyclicks.xml,0
webform_digests.xml,0
webform_dropzonejs.xml,0
webform_eloqua.xml,0
webform_embed.xml,0
webform_encrypt.xml,0
webform_extra_field.xml,0
webform_helptext.xml,0
webform_hierarchy.xml,0
webform_iban_field.xml,0
webform_invitation.xml,0
webform_ip_track.xml,0
webform_jsonschema.xml,0
webform_layout_container.xml,0
webform_mail_attachments.xml,0
webform_mailchimp.xml,0
webform_mass_email.xml,0
webform_mattermost.xml,0
webform_migrate.xml,0
webform_myemma.xml,0
webform_newsletter2go.xml,0
webform_node_element.xml,0
webform_permissions_by_term.xml,0
webform_prepopulate.xml,0
webform_product.xml,0
webform_query.xml,0
webform_remote_handlers.xml,0
webform_rest.xml,0
webform_rrn_nrn.xml,0
webform_rut.xml,0
webform_sanitize.xml,0
webform_score.xml,0
webform_select_collection.xml,0
webform_send_multiple_emails.xml,0
webform_shs.xml,0
webform_simplenews_handler.xml,0
webform_slack.xml,0
webform_submission_files_download.xml,0
webform_submission_import.xml,0
webform_sugarcrm.xml,0
webform_summation_field.xml,0
webform_to_leads.xml,0
webform_translation_permissions.xml,0
webform_user_registration.xml,0
webform_utm.xml,0
webform_views.xml,0
webform_wizard_full_title.xml,0
webpack_babel.xml,0
webpack_react.xml,0
webpack_vuejs.xml,0
web_page_archive_puppeteer_render.xml,0
web_page_archive.xml,0
webpage.xml,0
webpay.xml,1
webprofiler.xml,0
webpurify.xml,0
webpush.xml,0
webp.xml,1
webserver_auth.xml,0
websocket.xml,0
webtexttool.xml,0
webtoimage.xml,0
webtrees.xml,0
wechat_connect.xml,0
wechat_share_advance.xml,0
weeronline_formatter.xml,0
weibo_widget.xml,0
welcome_mail.xml,0
welcome_username.xml,0
welcome.xml,0
we_love_reviews.xml,0
we_megamenu.xml,0
wf_encrypt.xml,0
whatsappshare.xml,0
whatsnew.xml,0
while.xml,0
whiteboard.xml,0
who_bought_what.xml,0
whois.xml,0
whoops_errors.xml,0
whoops.xml,0
widencollective.xml,0
widget_api.xml,0
widget_block.xml,0
widget_on_demand.xml,0
widget.xml,0
wikipedia_client.xml,0
wisski.xml,0
wistia_integration.xml,0
wizenoze.xml,0
wkhtmltopdf.xml,0
wodby.xml,0
wordfilter.xml,0
word_link.xml,1
workbench_access_taxonomy.xml,0
workbench_access.xml,0
workbench_email.xml,0
workbench_menu_access.xml,0
workbench_moderation_actions.xml,0
workbench_moderation_state_access.xml,0
workbench_moderation.xml,0
workbench_notifier.xml,0
workbench_reviewer.xml,0
workbench_tabs.xml,0
workbench.xml,0
workflow_field_groups.xml,0
workflow_moderation.xml,0
workflow_notifications.xml,0
workflows_field.xml,0
workflow_sms_notification.xml,0
workflow_state_config.xml,0
workflow_task.xml,0
workflow.xml,0
workspace.xml,0
worldcore.xml,0
wpmenu.xml,0
wp_migrate.xml,0
wrappers_delight.xml,0
writeup.xml,0
wsdata.xml,0
wunderground_weather.xml,0
wunderstatus.xml,0
wwaf.xml,0
wxt_library.xml,0
wysiwyg_linebreaks.xml,0
wysiwyg_mediaembed.xml,0
wysiwyg_template.xml,0
xbbcode.xml,0
xero_contact_sync.xml,0
xframe_allow_webvisor.xml,0
x_frame_fixer.xml,0
x_frame_options.xml,0
xhprof_sample.xml,1
xhprof.xml,0
xhtml.xml,0
xing_connect.xml,0
xls_serialization.xml,0
xls_views_data_export.xml,0
xmlrpc.xml,0
xmlsitemap.xml,0
xnumber.xml,0
xprofile.xml,0
x_reference.xml,0
xs.xml,0
xtcdrupal.xml,0
xtcelasticsearch.xml,0
xtcschema.xml,0
xy_grid_layouts.xml,0
yamaps.xml,0
yaml2php.xml,0
yamlblock.xml,0
yaml_content.xml,0
yaml_editor.xml,0
yamlencoder.xml,0
yamlform_mailchimp.xml,0
yamlform_queue.xml,0
yamlform.xml,3
yaml_sandbox.xml,0
yaml_translation_import.xml,0
yandexdisk.xml,0
yandex_metrics.xml,0
yandex_oauth.xml,0
yandex_yml.xml,0
yasm.xml,0
yearonly.xml,0
ymaps_geolocation.xml,0
yml_export.xml,0
yoast_seo.xml,0
yoti.xml,0
youtubeapi.xml,0
youtube_block.xml,0
youtubechannel.xml,0
youtube_formatter.xml,0
youtube_import.xml,0
youtube_playlist.xml,0
youtube.xml,0
yt_push.xml,0
yunke_captcha.xml,0
zchat.xml,0
zendesk_tickets.xml,0
zendesk.xml,0
zooming.xml,0
zopim.xml,0
zsm.xml,0
zt_megamenu.xml,0
zuora.xml,0
zurb_clearing.xml,0
zurb_twentytwenty.xml,0
